% time	cellId	IMSI	RNTI	sinrLinear	componentCarrierId
0.041	1	2	1	1076.28	0
0.042	1	1	2	1078.08	0
0.081	1	2	1	1076.28	0
0.082	1	1	2	1079.81	0
0.121	1	2	1	1076.28	0
0.122	1	1	2	1081.54	0
0.161	1	2	1	1076.28	0
0.162	1	1	2	1083.27	0
0.201	1	2	1	1076.28	0
0.202	1	1	2	1085.01	0
0.241	1	2	1	1076.28	0
0.242	1	1	2	1086.74	0
0.281	1	2	1	1076.28	0
0.282	1	1	2	1088.48	0
0.321	1	2	1	1076.28	0
0.322	1	1	2	1090.23	0
0.361	1	2	1	1076.28	0
0.362	1	1	2	1091.97	0
0.401	1	2	1	1076.28	0
0.402	1	1	2	1093.72	0
0.441	1	2	1	1076.28	0
0.442	1	1	2	1095.47	0
0.481	1	2	1	1076.28	0
0.482	1	1	2	1097.23	0
0.521	1	2	1	1076.28	0
0.522	1	1	2	1098.98	0
0.561	1	2	1	1076.28	0
0.562	1	1	2	1100.74	0
0.601	1	2	1	1076.28	0
0.602	1	1	2	1102.5	0
0.641	1	2	1	1076.28	0
0.642	1	1	2	1104.27	0
0.681	1	2	1	1076.28	0
0.682	1	1	2	1106.04	0
0.721	1	2	1	1076.28	0
0.722	1	1	2	1107.81	0
0.761	1	2	1	1076.28	0
0.762	1	1	2	1109.58	0
0.801	1	2	1	1076.28	0
0.802	1	1	2	1111.36	0
0.841	1	2	1	1076.28	0
0.842	1	1	2	1113.13	0
0.881	1	2	1	1076.28	0
0.882	1	1	2	1114.92	0
0.921	1	2	1	1076.28	0
0.922	1	1	2	1116.7	0
0.961	1	2	1	1076.28	0
0.962	1	1	2	1118.49	0
1.001	1	2	1	1076.28	0
1.002	1	1	2	1120.28	0
1.041	1	2	1	1076.28	0
1.042	1	1	2	1122.07	0
1.081	1	2	1	1076.28	0
1.082	1	1	2	1123.86	0
1.121	1	2	1	1076.28	0
1.122	1	1	2	1125.66	0
1.161	1	2	1	1076.28	0
1.162	1	1	2	1127.46	0
1.201	1	2	1	1076.28	0
1.202	1	1	2	1129.26	0
1.241	1	2	1	1076.28	0
1.242	1	1	2	1131.07	0
1.281	1	2	1	1076.28	0
1.282	1	1	2	1132.88	0
1.321	1	2	1	1076.28	0
1.322	1	1	2	1134.69	0
1.361	1	2	1	1076.28	0
1.362	1	1	2	1136.51	0
1.401	1	2	1	1076.28	0
1.402	1	1	2	1138.32	0
1.441	1	2	1	1076.28	0
1.442	1	1	2	1140.14	0
1.481	1	2	1	1076.28	0
1.482	1	1	2	1141.96	0
1.521	1	2	1	1076.28	0
1.522	1	1	2	1143.79	0
1.561	1	2	1	1076.28	0
1.562	1	1	2	1145.62	0
1.601	1	2	1	1076.28	0
1.602	1	1	2	1147.45	0
1.641	1	2	1	1076.28	0
1.642	1	1	2	1149.28	0
1.681	1	2	1	1076.28	0
1.682	1	1	2	1151.12	0
1.721	1	2	1	1076.28	0
1.722	1	1	2	1152.96	0
1.761	1	2	1	1076.28	0
1.762	1	1	2	1154.8	0
1.801	1	2	1	1076.28	0
1.802	1	1	2	1156.64	0
1.841	1	2	1	1076.28	0
1.842	1	1	2	1158.49	0
1.881	1	2	1	1076.28	0
1.882	1	1	2	1160.34	0
1.921	1	2	1	1076.28	0
1.922	1	1	2	1162.19	0
1.961	1	2	1	1076.28	0
1.962	1	1	2	1164.04	0
2.001	1	2	1	1076.46	0
2.002	1	1	2	1166.24	0
2.041	1	2	1	1084.45	0
2.042	1	1	2	1175.12	0
2.081	1	2	1	1092.52	0
2.082	1	1	2	1184.11	0
2.121	1	2	1	1100.68	0
2.122	1	1	2	1193.2	0
2.161	1	2	1	1108.94	0
2.162	1	1	2	1202.39	0
2.201	1	2	1	1117.29	0
2.202	1	1	2	1211.69	0
2.241	1	2	1	1125.73	0
2.242	1	1	2	1221.1	0
2.281	1	2	1	1134.27	0
2.282	1	1	2	1230.62	0
2.321	1	2	1	1142.91	0
2.322	1	1	2	1240.25	0
2.361	1	2	1	1151.64	0
2.362	1	1	2	1249.99	0
2.401	1	2	1	1160.48	0
2.402	1	1	2	1259.85	0
2.441	1	2	1	1169.41	0
2.442	1	1	2	1269.83	0
2.481	1	2	1	1178.45	0
2.482	1	1	2	1279.92	0
2.521	1	2	1	1187.6	0
2.522	1	1	2	1290.14	0
2.561	1	2	1	1196.85	0
2.562	1	1	2	1300.47	0
2.601	1	2	1	1206.21	0
2.602	1	1	2	1310.94	0
2.641	1	2	1	1215.68	0
2.642	1	1	2	1321.52	0
2.681	1	2	1	1225.26	0
2.682	1	1	2	1332.24	0
2.721	1	2	1	1234.96	0
2.722	1	1	2	1343.09	0
2.761	1	2	1	1244.77	0
2.762	1	1	2	1354.07	0
2.801	1	2	1	1254.69	0
2.802	1	1	2	1365.19	0
2.841	1	2	1	1264.74	0
2.842	1	1	2	1376.44	0
2.881	1	2	1	1274.91	0
2.882	1	1	2	1387.83	0
2.921	1	2	1	1285.2	0
2.922	1	1	2	1399.37	0
2.961	1	2	1	1295.61	0
2.962	1	1	2	1411.05	0
3.001	1	2	1	1306.15	0
3.002	1	1	2	1422.87	0
3.041	1	2	1	1316.82	0
3.042	1	1	2	1434.85	0
3.081	1	2	1	1327.62	0
3.082	1	1	2	1446.97	0
3.121	1	2	1	1338.56	0
3.122	1	1	2	1459.25	0
3.161	1	2	1	1349.62	0
3.162	1	1	2	1471.69	0
3.201	1	2	1	1360.83	0
3.202	1	1	2	1484.28	0
3.241	1	2	1	1372.18	0
3.242	1	1	2	1497.04	0
3.281	1	2	1	1383.67	0
3.282	1	1	2	1509.97	0
3.321	1	2	1	1395.3	0
3.322	1	1	2	1523.06	0
3.361	1	2	1	1407.08	0
3.362	1	1	2	1536.32	0
3.401	1	2	1	1419.01	0
3.402	1	1	2	1549.75	0
3.441	1	2	1	1431.09	0
3.442	1	1	2	1563.37	0
3.481	1	2	1	1443.32	0
3.482	1	1	2	1577.16	0
3.521	1	2	1	1455.71	0
3.522	1	1	2	1591.13	0
3.561	1	2	1	1468.27	0
3.562	1	1	2	1605.29	0
3.601	1	2	1	1480.98	0
3.602	1	1	2	1619.64	0
3.641	1	2	1	1493.86	0
3.642	1	1	2	1634.19	0
3.681	1	2	1	1506.91	0
3.682	1	1	2	1648.93	0
3.721	1	2	1	1520.13	0
3.722	1	1	2	1663.87	0
3.761	1	2	1	1533.52	0
3.762	1	1	2	1679.01	0
3.801	1	2	1	1547.09	0
3.802	1	1	2	1694.36	0
3.841	1	2	1	1560.84	0
3.842	1	1	2	1709.93	0
3.881	1	2	1	1574.78	0
3.882	1	1	2	1725.7	0
3.921	1	2	1	1588.9	0
3.922	1	1	2	1741.7	0
3.961	1	2	1	1603.21	0
3.962	1	1	2	1757.92	0
4.001	1	2	1	1617.71	0
4.002	1	1	2	1774.36	0
4.041	1	2	1	1632.41	0
4.042	1	1	2	1791.04	0
4.081	1	2	1	1647.32	0
4.082	1	1	2	1807.96	0
4.121	1	2	1	1662.42	0
4.122	1	1	2	1825.11	0
4.161	1	2	1	1677.74	0
4.162	1	1	2	1842.51	0
4.201	1	2	1	1693.26	0
4.202	1	1	2	1860.16	0
4.241	1	2	1	1709	0
4.242	1	1	2	1878.06	0
4.281	1	2	1	1724.97	0
4.282	1	1	2	1896.22	0
4.321	1	2	1	1741.15	0
4.322	1	1	2	1914.65	0
4.361	1	2	1	1757.56	0
4.362	1	1	2	1933.34	0
4.401	1	2	1	1774.21	0
4.402	1	1	2	1952.31	0
4.441	1	2	1	1791.09	0
4.442	1	1	2	1971.56	0
4.481	1	2	1	1808.22	0
4.482	1	1	2	1991.09	0
4.521	1	2	1	1825.58	0
4.522	1	1	2	2010.92	0
4.561	1	2	1	1843.2	0
4.562	1	1	2	2031.04	0
4.601	1	2	1	1861.08	0
4.602	1	1	2	2051.47	0
4.641	1	2	1	1879.21	0
4.642	1	1	2	2072.2	0
4.681	1	2	1	1897.61	0
4.682	1	1	2	2093.25	0
4.721	1	2	1	1916.28	0
4.722	1	1	2	2114.63	0
4.761	1	2	1	1935.23	0
4.762	1	1	2	2136.33	0
4.801	1	2	1	1954.46	0
4.802	1	1	2	2158.36	0
4.841	1	2	1	1973.97	0
4.842	1	1	2	2180.74	0
4.881	1	2	1	1993.78	0
4.882	1	1	2	2203.46	0
4.921	1	2	1	2013.88	0
4.922	1	1	2	2226.55	0
4.961	1	2	1	2034.29	0
4.962	1	1	2	2249.99	0
5.001	1	2	1	2055.04	0
5.002	1	1	2	2273.91	0
5.041	1	2	1	2077.29	0
5.042	1	1	2	2300.31	0
5.081	1	2	1	2099.89	0
5.082	1	1	2	2327.17	0
5.121	1	2	1	2122.88	0
5.122	1	1	2	2354.51	0
5.161	1	2	1	2146.23	0
5.162	1	1	2	2382.32	0
5.201	1	2	1	2169.98	0
5.202	1	1	2	2410.64	0
5.241	1	2	1	2194.12	0
5.242	1	1	2	2439.46	0
5.281	1	2	1	2218.67	0
5.282	1	1	2	2468.8	0
5.321	1	2	1	2243.63	0
5.322	1	1	2	2498.68	0
5.361	1	2	1	2269.01	0
5.362	1	1	2	2529.1	0
5.401	1	2	1	2294.83	0
5.402	1	1	2	2560.08	0
5.441	1	2	1	2321.09	0
5.442	1	1	2	2591.63	0
5.481	1	2	1	2347.8	0
5.482	1	1	2	2623.77	0
5.521	1	2	1	2374.97	0
5.522	1	1	2	2656.51	0
5.561	1	2	1	2402.62	0
5.562	1	1	2	2689.86	0
5.601	1	2	1	2430.75	0
5.602	1	1	2	2723.85	0
5.641	1	2	1	2459.38	0
5.642	1	1	2	2758.49	0
5.681	1	2	1	2488.52	0
5.682	1	1	2	2793.79	0
5.721	1	2	1	2518.18	0
5.722	1	1	2	2829.78	0
5.761	1	2	1	2548.37	0
5.762	1	1	2	2866.46	0
5.801	1	2	1	2579.1	0
5.802	1	1	2	2903.86	0
5.841	1	2	1	2610.4	0
5.842	1	1	2	2942	0
5.881	1	2	1	2642.26	0
5.882	1	1	2	2980.9	0
5.921	1	2	1	2674.72	0
5.922	1	1	2	3020.57	0
5.961	1	2	1	2707.77	0
5.962	1	1	2	3061.04	0
6.001	1	2	1	2741.44	0
6.002	1	1	2	3102.32	0
6.041	1	2	1	2775.74	0
6.042	1	1	2	3144.45	0
6.081	1	2	1	2810.68	0
6.082	1	1	2	3187.44	0
6.121	1	2	1	2846.29	0
6.122	1	1	2	3231.32	0
6.161	1	2	1	2882.58	0
6.162	1	1	2	3276.12	0
6.201	1	2	1	2919.57	0
6.202	1	1	2	3321.85	0
6.241	1	2	1	2957.27	0
6.242	1	1	2	3368.54	0
6.281	1	2	1	2995.7	0
6.282	1	1	2	3416.23	0
6.321	1	2	1	3034.89	0
6.322	1	1	2	3464.93	0
6.361	1	2	1	3074.85	0
6.362	1	1	2	3514.69	0
6.401	1	2	1	3115.6	0
6.402	1	1	2	3565.52	0
6.441	1	2	1	3157.17	0
6.442	1	1	2	3617.47	0
6.481	1	2	1	3199.57	0
6.482	1	1	2	3670.56	0
6.521	1	2	1	3242.83	0
6.522	1	1	2	3724.82	0
6.561	1	2	1	3286.98	0
6.562	1	1	2	3780.3	0
6.601	1	2	1	3332.03	0
6.602	1	1	2	3837.03	0
6.641	1	2	1	3378.01	0
6.642	1	1	2	3895.04	0
6.681	1	2	1	3424.94	0
6.682	1	1	2	3954.38	0
6.721	1	2	1	3472.86	0
6.722	1	1	2	4015.09	0
6.761	1	2	1	3521.79	0
6.762	1	1	2	4077.2	0
6.801	1	2	1	3571.76	0
6.802	1	1	2	4140.77	0
6.841	1	2	1	3622.8	0
6.842	1	1	2	4205.83	0
6.881	1	2	1	3674.93	0
6.882	1	1	2	4272.44	0
6.921	1	2	1	3728.2	0
6.922	1	1	2	4340.65	0
6.961	1	2	1	3782.63	0
6.962	1	1	2	4410.5	0
7.001	1	2	1	3838.26	0
7.002	1	1	2	4482.05	0
7.041	1	2	1	3895.12	0
7.042	1	1	2	4555.36	0
7.081	1	2	1	3953.26	0
7.082	1	1	2	4630.48	0
7.121	1	2	1	4012.7	0
7.122	1	1	2	4707.47	0
7.161	1	2	1	4073.49	0
7.162	1	1	2	4786.4	0
7.201	1	2	1	4135.66	0
7.202	1	1	2	4867.33	0
7.241	1	2	1	4199.27	0
7.242	1	1	2	4950.34	0
7.281	1	2	1	4264.36	0
7.282	1	1	2	5035.48	0
7.321	1	2	1	4330.96	0
7.322	1	1	2	5122.84	0
7.361	1	2	1	4399.13	0
7.362	1	1	2	5212.49	0
7.401	1	2	1	4468.92	0
7.402	1	1	2	5304.52	0
7.441	1	2	1	4540.38	0
7.442	1	1	2	5332.27	0
7.481	1	2	1	4613.57	0
7.482	1	1	2	5332.34	0
7.521	1	2	1	4688.53	0
7.522	1	1	2	5332.41	0
7.561	1	2	1	4765.33	0
7.562	1	1	2	5332.48	0
7.601	1	2	1	4844.02	0
7.602	1	1	2	5332.55	0
7.641	1	2	1	4924.68	0
7.642	1	1	2	5332.63	0
7.681	1	2	1	5007.36	0
7.682	1	1	2	5332.7	0
7.721	1	2	1	5092.13	0
7.722	1	1	2	5332.78	0
7.761	1	2	1	5179.07	0
7.762	1	1	2	5332.86	0
7.801	1	2	1	5268.25	0
7.802	1	1	2	5332.94	0
7.841	1	2	1	5332.08	0
7.842	1	1	2	5333.02	0
7.881	1	2	1	5332.14	0
7.882	1	1	2	5333.1	0
7.921	1	2	1	5332.21	0
7.922	1	1	2	5333.19	0
7.961	1	2	1	5332.28	0
7.962	1	1	2	5333.27	0
8.001	1	2	1	5332.24	0
8.002	1	1	2	5332.87	0
8.041	1	2	1	5332.05	0
8.042	1	1	2	5332.45	0
8.081	1	2	1	5332.11	0
8.082	1	1	2	5332.52	0
8.121	1	2	1	5332.17	0
8.122	1	1	2	5332.59	0
8.161	1	2	1	5332.24	0
8.162	1	1	2	5332.66	0
8.201	1	2	1	5332.31	0
8.202	1	1	2	5332.74	0
8.241	1	2	1	5332.38	0
8.242	1	1	2	5332.81	0
8.281	1	2	1	5332.44	0
8.282	1	1	2	5332.89	0
8.321	1	2	1	5332.51	0
8.322	1	1	2	5332.97	0
8.361	1	2	1	5332.59	0
8.362	1	1	2	5333.05	0
8.401	1	2	1	5332.66	0
8.402	1	1	2	5333.13	0
8.441	1	2	1	5332.73	0
8.442	1	1	2	5333.22	0
8.481	1	2	1	5332.81	0
8.482	1	1	2	5333.3	0
8.521	1	2	1	5332.88	0
8.522	1	1	2	5333.39	0
8.561	1	2	1	5332.96	0
8.562	1	1	2	5333.48	0
8.601	1	2	1	5333.04	0
8.602	1	1	2	5333.57	0
8.641	1	2	1	5333.12	0
8.642	1	1	2	5333.66	0
8.681	1	2	1	5333.21	0
8.682	1	1	2	5333.76	0
8.721	1	2	1	5333.29	0
8.722	1	1	2	5333.85	0
8.761	1	2	1	5333.38	0
8.762	1	1	2	5333.95	0
8.801	1	2	1	5333.46	0
8.802	1	1	2	5334.05	0
8.841	1	2	1	5333.55	0
8.842	1	1	2	5334.15	0
8.881	1	2	1	5333.64	0
8.882	1	1	2	5334.26	0
8.921	1	2	1	5333.73	0
8.922	1	1	2	5334.36	0
8.961	1	2	1	5333.83	0
8.962	1	1	2	5334.47	0
9.001	1	2	1	5333.92	0
9.002	1	1	2	5334.59	0
9.041	1	2	1	5334.02	0
9.042	1	1	2	5334.7	0
9.081	1	2	1	5334.12	0
9.082	1	1	2	5334.82	0
9.121	1	2	1	5334.23	0
9.122	1	1	2	5334.94	0
9.161	1	2	1	5334.33	0
9.162	1	1	2	5335.06	0
9.201	1	2	1	5334.44	0
9.202	1	1	2	5335.18	0
9.241	1	2	1	5334.54	0
9.242	1	1	2	5335.31	0
9.281	1	2	1	5334.66	0
9.282	1	1	2	5335.44	0
9.321	1	2	1	5334.77	0
9.322	1	1	2	5335.57	0
9.361	1	2	1	5334.88	0
9.362	1	1	2	5335.71	0
9.401	1	2	1	5335	0
9.402	1	1	2	5335.85	0
9.441	1	2	1	5335.12	0
9.442	1	1	2	5336	0
9.481	1	2	1	5335.25	0
9.482	1	1	2	5336.14	0
9.521	1	2	1	5335.37	0
9.522	1	1	2	5336.29	0
9.561	1	2	1	5335.5	0
9.562	1	1	2	5336.45	0
9.601	1	2	1	5335.64	0
9.602	1	1	2	5336.61	0
9.641	1	2	1	5335.77	0
9.642	1	1	2	5336.77	0
9.681	1	2	1	5335.91	0
9.682	1	1	2	5336.94	0
9.721	1	2	1	5336.05	0
9.722	1	1	2	5337.11	0
9.761	1	2	1	5336.2	0
9.762	1	1	2	5337.29	0
9.801	1	2	1	5336.34	0
9.802	1	1	2	5337.47	0
9.841	1	2	1	5336.5	0
9.842	1	1	2	5337.66	0
9.881	1	2	1	5336.65	0
9.882	1	1	2	5337.85	0
9.921	1	2	1	5336.81	0
9.922	1	1	2	5338.04	0
9.961	1	2	1	5336.97	0
9.962	1	1	2	5338.25	0
10.001	1	2	1	5337.14	0
10.002	1	1	2	5338.46	0
10.041	1	2	1	5337.31	0
10.042	1	1	2	5338.67	0
10.081	1	2	1	5337.49	0
10.082	1	1	2	5338.89	0
10.121	1	2	1	5337.67	0
10.122	1	1	2	5339.12	0
10.161	1	2	1	5337.85	0
10.162	1	1	2	5339.35	0
10.201	1	2	1	5338.04	0
10.202	1	1	2	5339.59	0
10.241	1	2	1	5338.24	0
10.242	1	1	2	5339.84	0
10.281	1	2	1	5338.44	0
10.282	1	1	2	5340.1	0
10.321	1	2	1	5338.64	0
10.322	1	1	2	5340.37	0
10.361	1	2	1	5338.85	0
10.362	1	1	2	5340.64	0
10.401	1	2	1	5339.07	0
10.402	1	1	2	5340.92	0
10.441	1	2	1	5339.29	0
10.442	1	1	2	5341.21	0
10.481	1	2	1	5339.52	0
10.482	1	1	2	5341.51	0
10.521	1	2	1	5339.75	0
10.522	1	1	2	5341.83	0
10.561	1	2	1	5339.99	0
10.562	1	1	2	5342.15	0
10.601	1	2	1	5340.24	0
10.602	1	1	2	5342.48	0
10.641	1	2	1	5340.49	0
10.642	1	1	2	5342.82	0
10.681	1	2	1	5340.75	0
10.682	1	1	2	5343.18	0
10.721	1	2	1	5341.02	0
10.722	1	1	2	5343.55	0
10.761	1	2	1	5341.29	0
10.762	1	1	2	5343.93	0
10.801	1	2	1	5341.57	0
10.802	1	1	2	5344.32	0
10.841	1	2	1	5341.86	0
10.842	1	1	2	5344.73	0
10.881	1	2	1	5342.16	0
10.882	1	1	2	5345.15	0
10.921	1	2	1	5342.46	0
10.922	1	1	2	5345.59	0
10.961	1	2	1	5342.77	0
10.962	1	1	2	5346.05	0
11.001	1	2	1	5342.28	0
11.002	1	1	2	5348.44	0
11.041	1	2	1	5340.43	0
11.042	1	1	2	5351.11	0
11.081	1	2	1	5340.62	0
11.082	1	1	2	5351.9	0
11.121	1	2	1	5340.8	0
11.122	1	1	2	5352.74	0
11.161	1	2	1	5340.97	0
11.162	1	1	2	5353.62	0
11.201	1	2	1	5341.15	0
11.202	1	1	2	5354.56	0
11.241	1	2	1	5341.32	0
11.242	1	1	2	5355.55	0
11.281	1	2	1	5341.48	0
11.282	1	1	2	5356.6	0
11.321	1	2	1	5341.64	0
11.322	1	1	2	5357.72	0
11.361	1	2	1	5341.78	0
11.362	1	1	2	5358.92	0
11.401	1	2	1	5341.92	0
11.402	1	1	2	5360.18	0
11.441	1	2	1	5342.05	0
11.442	1	1	2	5361.53	0
11.481	1	2	1	5342.16	0
11.482	1	1	2	5362.97	0
11.521	1	2	1	5342.26	0
11.522	1	1	2	5364.5	0
11.561	1	2	1	5342.34	0
11.562	1	1	2	5366.13	0
11.601	1	2	1	5342.39	0
11.602	1	1	2	5367.86	0
11.641	1	2	1	5342.42	0
11.642	1	1	2	5369.7	0
11.681	1	2	1	5342.43	0
11.682	1	1	2	5371.63	0
11.721	1	2	1	5342.4	0
11.722	1	1	2	5373.65	0
11.761	1	2	1	5342.34	0
11.762	1	1	2	5375.75	0
11.801	1	2	1	5342.23	0
11.802	1	1	2	5377.88	0
11.841	1	2	1	5342.09	0
11.842	1	1	2	5380	0
11.881	1	2	1	5341.89	0
11.882	1	1	2	5382	0
11.921	1	2	1	5341.64	0
11.922	1	1	2	5383.76	0
11.961	1	2	1	5341.33	0
11.962	1	1	2	5385.05	0
12.001	1	2	1	5340.96	0
12.002	1	1	2	5385.56	0
12.041	1	2	1	5340.51	0
12.042	1	1	2	5384.86	0
12.081	1	2	1	5340	0
12.082	1	1	2	5382.38	0
12.121	1	2	1	5339.4	0
12.122	1	1	2	5377.47	0
12.161	1	2	1	5338.72	0
12.162	1	1	2	5369.49	0
12.201	1	2	1	5337.96	0
12.202	1	1	2	5358.12	0
12.241	1	2	1	5337.11	0
12.242	1	1	2	5343.64	0
12.281	1	2	1	5336.17	0
12.282	1	1	2	5327.16	0
12.321	1	2	1	5335.15	0
12.322	1	1	2	5310.44	0
12.361	1	2	1	5334.04	0
12.362	1	1	2	5295.32	0
12.401	1	2	1	5332.85	0
12.402	1	1	2	5283.09	0
12.441	1	2	1	5331.59	0
12.442	1	1	2	5274.24	0
12.481	1	2	1	5330.27	0
12.482	1	1	2	5268.56	0
12.521	1	2	1	5328.89	0
12.522	1	1	2	5265.48	0
12.561	1	2	1	5327.47	0
12.562	1	1	2	5264.33	0
12.601	1	2	1	5326.02	0
12.602	1	1	2	5264.52	0
12.641	1	2	1	5324.56	0
12.642	1	1	2	5265.59	0
12.681	1	2	1	5323.1	0
12.682	1	1	2	5267.19	0
12.721	1	2	1	5321.65	0
12.722	1	1	2	5269.1	0
12.761	1	2	1	5320.23	0
12.762	1	1	2	5271.15	0
12.801	1	2	1	5318.86	0
12.802	1	1	2	5273.24	0
12.841	1	2	1	5317.54	0
12.842	1	1	2	5275.31	0
12.881	1	2	1	5316.29	0
12.882	1	1	2	5277.33	0
12.921	1	2	1	5315.1	0
12.922	1	1	2	5279.25	0
12.961	1	2	1	5314	0
12.962	1	1	2	5281.09	0
13.001	1	2	1	5312.98	0
13.002	1	1	2	5282.82	0
13.041	1	2	1	5312.05	0
13.042	1	1	2	5284.46	0
13.081	1	2	1	5311.2	0
13.082	1	1	2	5285.99	0
13.121	1	2	1	5310.45	0
13.122	1	1	2	5287.44	0
13.161	1	2	1	5309.77	0
13.162	1	1	2	5288.8	0
13.201	1	2	1	5309.18	0
13.202	1	1	2	5290.07	0
13.241	1	2	1	5308.67	0
13.242	1	1	2	5291.27	0
13.281	1	2	1	5308.23	0
13.282	1	1	2	5292.4	0
13.321	1	2	1	5307.86	0
13.322	1	1	2	5293.46	0
13.361	1	2	1	5307.55	0
13.362	1	1	2	5294.46	0
13.401	1	2	1	5307.3	0
13.402	1	1	2	5295.4	0
13.441	1	2	1	5307.11	0
13.442	1	1	2	5296.29	0
13.481	1	2	1	5306.96	0
13.482	1	1	2	5297.13	0
13.521	1	2	1	5306.86	0
13.522	1	1	2	5297.92	0
13.561	1	2	1	5306.8	0
13.562	1	1	2	5298.68	0
13.601	1	2	1	5306.77	0
13.602	1	1	2	5299.39	0
13.641	1	2	1	5306.78	0
13.642	1	1	2	5300.07	0
13.681	1	2	1	5306.81	0
13.682	1	1	2	5300.71	0
13.721	1	2	1	5306.87	0
13.722	1	1	2	5301.33	0
13.761	1	2	1	5306.94	0
13.762	1	1	2	5301.91	0
13.801	1	2	1	5307.04	0
13.802	1	1	2	5302.46	0
13.841	1	2	1	5307.15	0
13.842	1	1	2	5302.99	0
13.881	1	2	1	5307.28	0
13.882	1	1	2	5303.5	0
13.921	1	2	1	5307.41	0
13.922	1	1	2	5303.98	0
13.961	1	2	1	5307.56	0
13.962	1	1	2	5304.45	0
14.001	1	2	1	5307.72	0
14.002	1	1	2	5305.24	0
14.041	1	2	1	5307.89	0
14.042	1	1	2	5306	0
14.081	1	2	1	5308.04	0
14.082	1	1	2	5306.38	0
14.121	1	2	1	5308.21	0
14.122	1	1	2	5306.75	0
14.161	1	2	1	5308.37	0
14.162	1	1	2	5307.11	0
14.201	1	2	1	5308.54	0
14.202	1	1	2	5307.45	0
14.241	1	2	1	5308.72	0
14.242	1	1	2	5307.77	0
14.281	1	2	1	5308.89	0
14.282	1	1	2	5308.09	0
14.321	1	2	1	5309.07	0
14.322	1	1	2	5308.39	0
14.361	1	2	1	5309.25	0
14.362	1	1	2	5308.69	0
14.401	1	2	1	5309.43	0
14.402	1	1	2	5308.97	0
14.441	1	2	1	5309.6	0
14.442	1	1	2	5309.24	0
14.481	1	2	1	5309.78	0
14.482	1	1	2	5309.5	0
14.521	1	2	1	5309.96	0
14.522	1	1	2	5309.76	0
14.561	1	2	1	5310.13	0
14.562	1	1	2	5310.01	0
14.601	1	2	1	5310.31	0
14.602	1	1	2	5310.24	0
14.641	1	2	1	5310.48	0
14.642	1	1	2	5310.47	0
14.681	1	2	1	5310.65	0
14.682	1	1	2	5310.7	0
14.721	1	2	1	5310.82	0
14.722	1	1	2	5310.91	0
14.761	1	2	1	5310.98	0
14.762	1	1	2	5311.12	0
14.801	1	2	1	5311.15	0
14.802	1	1	2	5311.33	0
14.841	1	2	1	5311.31	0
14.842	1	1	2	5311.53	0
14.881	1	2	1	5311.47	0
14.882	1	1	2	5311.72	0
14.921	1	2	1	5311.62	0
14.922	1	1	2	5311.9	0
14.961	1	2	1	5311.78	0
14.962	1	1	2	5312.08	0
15.001	1	2	1	5311.93	0
15.002	1	1	2	5312.26	0
15.041	1	2	1	5312.08	0
15.042	1	1	2	5312.43	0
15.081	1	2	1	5312.23	0
15.082	1	1	2	5312.6	0
15.121	1	2	1	5312.37	0
15.122	1	1	2	5312.76	0
15.161	1	2	1	5312.51	0
15.162	1	1	2	5312.92	0
15.201	1	2	1	5312.65	0
15.202	1	1	2	5313.07	0
15.241	1	2	1	5312.79	0
15.242	1	1	2	5313.22	0
15.281	1	2	1	5312.93	0
15.282	1	1	2	5313.37	0
15.321	1	2	1	5313.06	0
15.322	1	1	2	5313.51	0
15.361	1	2	1	5313.19	0
15.362	1	1	2	5313.65	0
15.401	1	2	1	5313.32	0
15.402	1	1	2	5313.78	0
15.441	1	2	1	5313.44	0
15.442	1	1	2	5313.91	0
15.481	1	2	1	5313.57	0
15.482	1	1	2	5314.04	0
15.521	1	2	1	5313.69	0
15.522	1	1	2	5314.17	0
15.561	1	2	1	5313.81	0
15.562	1	1	2	5314.29	0
15.601	1	2	1	5313.92	0
15.602	1	1	2	5314.41	0
15.641	1	2	1	5314.04	0
15.642	1	1	2	5314.53	0
15.681	1	2	1	5314.15	0
15.682	1	1	2	5314.64	0
15.721	1	2	1	5314.26	0
15.722	1	1	2	5314.75	0
15.761	1	2	1	5314.37	0
15.762	1	1	2	5314.86	0
15.801	1	2	1	5314.48	0
15.802	1	1	2	5314.97	0
15.841	1	2	1	5314.58	0
15.842	1	1	2	5315.07	0
15.881	1	2	1	5314.68	0
15.882	1	1	2	5315.18	0
15.921	1	2	1	5314.78	0
15.922	1	1	2	5315.28	0
15.961	1	2	1	5314.88	0
15.962	1	1	2	5315.37	0
16.001	1	2	1	5314.98	0
16.002	1	1	2	5315.47	0
16.041	1	2	1	5315.08	0
16.042	1	1	2	5315.57	0
16.081	1	2	1	5315.17	0
16.082	1	1	2	5315.66	0
16.121	1	2	1	5315.26	0
16.122	1	1	2	5315.75	0
16.161	1	2	1	5315.35	0
16.162	1	1	2	5315.84	0
16.201	1	2	1	5315.44	0
16.202	1	1	2	5315.92	0
16.241	1	2	1	5315.53	0
16.242	1	1	2	5316.01	0
16.281	1	2	1	5315.62	0
16.282	1	1	2	5316.09	0
16.321	1	2	1	5315.7	0
16.322	1	1	2	5316.17	0
16.361	1	2	1	5315.79	0
16.362	1	1	2	5316.25	0
16.401	1	2	1	5315.87	0
16.402	1	1	2	5316.33	0
16.441	1	2	1	5315.95	0
16.442	1	1	2	5316.41	0
16.481	1	2	1	5316.03	0
16.482	1	1	2	5316.48	0
16.521	1	2	1	5316.1	0
16.522	1	1	2	5316.56	0
16.561	1	2	1	5316.18	0
16.562	1	1	2	5316.63	0
16.601	1	2	1	5316.26	0
16.602	1	1	2	5316.7	0
16.641	1	2	1	5316.33	0
16.642	1	1	2	5316.77	0
16.681	1	2	1	5316.4	0
16.682	1	1	2	5316.84	0
16.721	1	2	1	5316.47	0
16.722	1	1	2	5316.91	0
16.761	1	2	1	5316.54	0
16.762	1	1	2	5316.98	0
16.801	1	2	1	5316.61	0
16.802	1	1	2	5317.04	0
16.841	1	2	1	5316.68	0
16.842	1	1	2	5317.11	0
16.881	1	2	1	5316.75	0
16.882	1	1	2	5317.17	0
16.921	1	2	1	5316.82	0
16.922	1	1	2	5269.02	0
16.961	1	2	1	5316.88	0
16.962	1	1	2	5181.1	0
17.001	1	2	1	5316.85	0
17.002	1	1	2	5095.77	0
17.041	1	2	1	5316.67	0
17.042	1	1	2	5020.35	0
17.081	1	2	1	5316.73	0
17.082	1	1	2	4946.58	0
17.121	1	2	1	5316.79	0
17.122	1	1	2	4874.43	0
17.161	1	2	1	5316.86	0
17.162	1	1	2	4803.84	0
17.201	1	2	1	5316.92	0
17.202	1	1	2	4734.76	0
17.241	1	2	1	5316.98	0
17.242	1	1	2	4667.17	0
17.281	1	2	1	5317.04	0
17.282	1	1	2	4601.01	0
17.321	1	2	1	5317.1	0
17.322	1	1	2	4536.24	0
17.361	1	2	1	5317.15	0
17.362	1	1	2	4472.83	0
17.401	1	2	1	5317.21	0
17.402	1	1	2	4410.73	0
17.441	1	2	1	5317.27	0
17.442	1	1	2	4349.92	0
17.481	1	2	1	5317.32	0
17.482	1	1	2	4290.36	0
17.521	1	2	1	5317.38	0
17.522	1	1	2	4232	0
17.561	1	2	1	5317.43	0
17.562	1	1	2	4174.83	0
17.601	1	2	1	5317.49	0
17.602	1	1	2	4118.81	0
17.641	1	2	1	5317.54	0
17.681	4	1	1	0.6484	0
17.681	1	2	1	1.33777	0
17.721	4	1	1	0.633594	0
17.721	1	2	1	1.3585	0
17.761	4	1	1	5325.42	0
17.762	4	2	2	7445.9	0
17.801	4	1	1	5325.37	0
17.802	4	2	2	5327.46	0
17.841	4	1	1	5325.32	0
17.842	4	2	2	5327.38	0
17.881	4	1	1	5325.26	0
17.882	4	2	2	5327.3	0
17.921	4	1	1	5325.21	0
17.922	4	2	2	5327.22	0
17.961	4	1	1	5325.16	0
17.962	4	2	2	5327.14	0
18.001	4	1	1	5325.11	0
18.002	4	2	2	5327.06	0
18.041	4	1	1	5325.06	0
18.042	4	2	2	5326.97	0
18.081	4	1	1	5325.01	0
18.082	4	2	2	5326.88	0
18.121	4	1	1	5324.95	0
18.122	4	2	2	5326.8	0
18.161	4	1	1	5324.9	0
18.162	4	2	2	5326.71	0
18.201	4	1	1	5324.85	0
18.202	4	2	2	5326.62	0
18.241	4	1	1	5324.8	0
18.242	4	2	2	5326.52	0
18.281	4	1	1	5324.75	0
18.282	4	2	2	5326.43	0
18.321	4	1	1	5324.69	0
18.322	4	2	2	5326.34	0
18.361	4	1	1	5324.64	0
18.362	4	2	2	5326.24	0
18.401	4	1	1	5324.59	0
18.402	4	2	2	5326.14	0
18.441	4	1	1	5324.53	0
18.442	4	2	2	5326.05	0
18.481	4	1	1	5324.48	0
18.482	4	2	2	5325.95	0
18.521	4	1	1	5324.43	0
18.522	4	2	2	5325.85	0
18.561	4	1	1	5324.38	0
18.562	4	2	2	5325.75	0
18.601	4	1	1	5324.32	0
18.602	4	2	2	5325.64	0
18.641	4	1	1	5324.27	0
18.642	4	2	2	5325.54	0
18.681	4	1	1	5324.22	0
18.682	4	2	2	5325.44	0
18.721	4	1	1	5324.17	0
18.722	4	2	2	5325.34	0
18.762	4	2	2	5325.23	0
18.801	5	1	1	5331.68	0
18.802	4	2	2	5325.13	0
18.841	5	1	1	5331.73	0
18.842	4	2	2	5325.02	0
18.881	5	1	1	5331.78	0
18.882	4	2	2	5324.92	0
18.921	5	1	1	5331.83	0
18.922	4	2	2	5324.81	0
18.961	5	1	1	5331.89	0
18.962	4	2	2	5324.7	0
19.001	5	1	1	5331.94	0
19.002	4	2	2	5324.6	0
19.041	5	1	1	5331.99	0
19.042	4	2	2	5324.49	0
19.081	5	1	1	5332.05	0
19.082	4	2	2	5324.39	0
19.121	5	1	1	5332.1	0
19.122	4	2	2	5324.28	0
19.161	5	1	1	5332.16	0
19.162	4	2	2	5324.17	0
19.201	5	1	1	5332.21	0
19.202	4	2	2	5324.07	0
19.241	5	1	1	5332.27	0
19.242	4	2	2	5323.96	0
19.281	5	1	1	5332.33	0
19.282	4	2	2	5323.86	0
19.321	5	1	1	5332.38	0
19.322	4	2	2	5323.76	0
19.361	5	1	1	5332.44	0
19.362	4	2	2	5323.65	0
19.401	5	1	1	5332.5	0
19.402	4	2	2	5323.55	0
19.441	5	1	1	5332.56	0
19.442	4	2	2	5323.45	0
19.481	5	1	1	5332.62	0
19.482	4	2	2	5323.35	0
19.521	5	1	1	5332.68	0
19.522	4	2	2	5323.25	0
19.561	5	1	1	5332.74	0
19.562	4	2	2	5323.15	0
19.601	5	1	1	5332.8	0
19.602	4	2	2	5323.05	0
19.641	5	1	1	5332.87	0
19.642	4	2	2	5322.95	0
19.681	5	1	1	5332.93	0
19.682	4	2	2	5322.85	0
19.721	5	1	1	5332.99	0
19.722	4	2	2	5322.76	0
19.761	5	1	1	5333.06	0
19.762	4	2	2	5322.67	0
19.801	5	1	1	5333.12	0
19.802	4	2	2	5322.57	0
19.841	5	1	1	5333.19	0
19.842	4	2	2	5322.48	0
19.881	5	1	1	5333.25	0
19.882	4	2	2	5322.39	0
19.921	5	1	1	5333.32	0
19.922	4	2	2	5322.3	0
19.961	5	1	1	5333.39	0
19.962	4	2	2	5322.22	0
20.001	5	1	1	5333.59	0
20.002	4	2	2	5321.73	0
20.041	5	1	1	5334.03	0
20.042	4	2	2	5321.24	0
20.081	5	1	1	5334.11	0
20.082	4	2	2	5321.15	0
20.121	5	1	1	5334.19	0
20.122	4	2	2	5321.07	0
20.161	5	1	1	5334.28	0
20.162	4	2	2	5320.99	0
20.201	5	1	1	5334.36	0
20.202	4	2	2	5320.91	0
20.241	5	1	1	5334.45	0
20.242	4	2	2	5320.84	0
20.281	5	1	1	5334.53	0
20.282	4	2	2	5320.77	0
20.321	5	1	1	5334.62	0
20.322	4	2	2	5320.7	0
20.361	5	1	1	5334.7	0
20.362	4	2	2	5320.63	0
20.401	5	1	1	5334.79	0
20.402	4	2	2	5320.56	0
20.441	5	1	1	5334.88	0
20.442	4	2	2	5320.5	0
20.481	5	1	1	5334.97	0
20.482	4	2	2	5320.43	0
20.521	5	1	1	5335.06	0
20.522	4	2	2	5320.37	0
20.561	5	1	1	5335.15	0
20.562	4	2	2	5320.32	0
20.601	5	1	1	5335.23	0
20.602	4	2	2	5320.26	0
20.641	5	1	1	5335.32	0
20.642	4	2	2	5320.21	0
20.681	5	1	1	5335.41	0
20.682	4	2	2	5320.15	0
20.721	5	1	1	5335.5	0
20.722	4	2	2	5320.1	0
20.761	5	1	1	5335.59	0
20.762	4	2	2	5320.06	0
20.801	5	1	1	5335.68	0
20.802	4	2	2	5320.01	0
20.841	5	1	1	5335.77	0
20.842	4	2	2	5319.97	0
20.881	5	1	1	5335.86	0
20.882	4	2	2	5319.92	0
20.921	5	1	1	5335.94	0
20.922	4	2	2	5319.88	0
20.961	5	1	1	5336.03	0
20.962	4	2	2	5319.85	0
21.001	5	1	1	5336.11	0
21.002	4	2	2	5319.81	0
21.041	5	1	1	5336.2	0
21.042	4	2	2	5319.77	0
21.081	5	1	1	5336.28	0
21.082	4	2	2	5319.74	0
21.121	5	1	1	5336.36	0
21.122	4	2	2	5319.71	0
21.161	5	1	1	5336.44	0
21.162	5	2	2	7155.86	0
21.201	5	1	1	5336.51	0
21.202	5	2	2	5333.18	0
21.241	5	1	1	5336.58	0
21.242	5	2	2	5333.22	0
21.281	5	1	1	5336.65	0
21.282	5	2	2	5333.26	0
21.321	5	1	1	5336.71	0
21.322	5	2	2	5333.3	0
21.361	5	1	1	5336.77	0
21.362	5	2	2	5333.33	0
21.401	5	1	1	5336.83	0
21.402	5	2	2	5333.37	0
21.441	5	1	1	5336.88	0
21.442	5	2	2	5333.4	0
21.481	5	1	1	5336.92	0
21.482	5	2	2	5333.43	0
21.521	5	1	1	5336.96	0
21.522	5	2	2	5333.46	0
21.561	5	1	1	5336.99	0
21.562	5	2	2	5333.48	0
21.601	5	1	1	5337.01	0
21.602	5	2	2	5333.51	0
21.641	5	1	1	5337.03	0
21.642	5	2	2	5333.53	0
21.681	5	1	1	5337.03	0
21.682	5	2	2	5333.55	0
21.721	5	1	1	5337.03	0
21.722	5	2	2	5333.57	0
21.761	5	1	1	5337.01	0
21.762	5	2	2	5333.58	0
21.801	5	1	1	5336.98	0
21.802	5	2	2	5333.59	0
21.841	5	1	1	5336.94	0
21.842	5	2	2	5333.6	0
21.881	5	1	1	5336.88	0
21.882	5	2	2	5333.6	0
21.921	5	1	1	5336.81	0
21.922	5	2	2	5333.61	0
21.961	5	1	1	5336.72	0
21.962	5	2	2	5333.6	0
22.001	5	1	1	5336.62	0
22.002	5	2	2	5333.59	0
22.041	5	1	1	5336.49	0
22.042	5	2	2	5333.58	0
22.081	5	1	1	5336.35	0
22.082	5	2	2	5333.56	0
22.121	5	1	1	5336.18	0
22.122	5	2	2	5333.54	0
22.161	5	1	1	5335.99	0
22.162	5	2	2	5333.52	0
22.201	5	1	1	5335.78	0
22.202	5	2	2	5333.48	0
22.241	5	1	1	5335.54	0
22.242	5	2	2	5333.44	0
22.281	5	1	1	5335.28	0
22.282	5	2	2	5333.4	0
22.321	5	1	1	5334.99	0
22.322	5	2	2	5333.35	0
22.361	5	1	1	5334.67	0
22.362	5	2	2	5333.29	0
22.401	5	1	1	5334.32	0
22.402	5	2	2	5333.22	0
22.441	5	1	1	5333.95	0
22.442	5	2	2	5333.15	0
22.481	5	1	1	5333.54	0
22.482	5	2	2	5333.06	0
22.521	5	1	1	5333.11	0
22.522	5	2	2	5332.97	0
22.561	5	1	1	5332.65	0
22.562	5	2	2	5332.88	0
22.601	5	1	1	5332.15	0
22.602	5	2	2	5332.77	0
22.641	5	1	1	5331.63	0
22.642	5	2	2	5332.65	0
22.681	5	1	1	5331.08	0
22.682	5	2	2	5332.52	0
22.721	5	1	1	5330.5	0
22.722	5	2	2	5332.39	0
22.761	5	1	1	5329.9	0
22.762	5	2	2	5332.24	0
22.801	5	1	1	5329.27	0
22.802	5	2	2	5332.08	0
22.841	5	1	1	5328.62	0
22.842	5	2	2	5331.92	0
22.881	5	1	1	5327.96	0
22.882	5	2	2	5331.74	0
22.921	5	1	1	5327.28	0
22.922	5	2	2	5331.55	0
22.961	5	1	1	5326.58	0
22.962	5	2	2	5331.35	0
23.001	5	1	1	5326.5	0
23.002	5	2	2	5329.64	0
23.041	5	1	1	5327.26	0
23.042	5	2	2	5327.91	0
23.081	5	1	1	5326.45	0
23.082	5	2	2	5327.69	0
23.121	5	1	1	5325.64	0
23.122	5	2	2	5327.46	0
23.161	5	1	1	5324.81	0
23.162	5	2	2	5327.23	0
23.201	5	1	1	5323.99	0
23.202	5	2	2	5326.99	0
23.241	5	1	1	5323.16	0
23.242	5	2	2	5326.75	0
23.281	5	1	1	5322.35	0
23.282	5	2	2	5326.51	0
23.321	5	1	1	5321.55	0
23.322	5	2	2	5326.26	0
23.361	5	1	1	5320.76	0
23.362	5	2	2	5326.01	0
23.401	5	1	1	5320	0
23.402	5	2	2	5325.75	0
23.441	5	1	1	5319.26	0
23.442	5	2	2	5325.5	0
23.481	5	1	1	5318.55	0
23.482	5	2	2	5325.24	0
23.521	5	1	1	5317.87	0
23.522	5	2	2	5324.98	0
23.561	5	1	1	5317.22	0
23.562	5	2	2	5324.72	0
23.601	5	1	1	5316.6	0
23.602	5	2	2	5324.46	0
23.641	5	1	1	5316.02	0
23.642	5	2	2	5324.2	0
23.681	5	1	1	5315.48	0
23.682	5	2	2	5323.94	0
23.721	5	1	1	5314.98	0
23.722	5	2	2	5323.68	0
23.761	5	1	1	5314.51	0
23.762	5	2	2	5323.43	0
23.801	5	1	1	5314.07	0
23.802	5	2	2	5323.17	0
23.841	5	1	1	5313.68	0
23.842	5	2	2	5322.92	0
23.881	5	1	1	5313.32	0
23.882	5	2	2	5322.67	0
23.921	5	1	1	5312.99	0
23.922	5	2	2	5322.43	0
23.961	5	1	1	5312.7	0
23.962	5	2	2	5322.19	0
24.001	5	1	1	5312.44	0
24.002	5	2	2	5321.95	0
24.041	5	1	1	5312.21	0
24.042	5	2	2	5321.72	0
24.081	5	1	1	5312	0
24.082	5	2	2	5321.49	0
24.121	5	1	1	5311.83	0
24.122	5	2	2	5321.26	0
24.161	5	1	1	5311.68	0
24.162	5	2	2	5321.04	0
24.201	5	1	1	5311.55	0
24.202	5	2	2	5320.83	0
24.241	5	1	1	5311.45	0
24.242	5	2	2	5320.62	0
24.281	5	1	1	5311.36	0
24.282	5	2	2	5320.42	0
24.321	5	1	1	5311.3	0
24.322	5	2	2	5320.23	0
24.361	5	1	1	5311.25	0
24.362	5	2	2	5320.04	0
24.401	5	1	1	5311.22	0
24.402	5	2	2	5319.86	0
24.441	5	1	1	5311.2	0
24.442	5	2	2	5319.68	0
24.481	5	1	1	5311.2	0
24.482	5	2	2	5319.51	0
24.521	5	1	1	5311.21	0
24.522	5	2	2	5319.35	0
24.561	5	1	1	5311.23	0
24.562	5	2	2	5319.19	0
24.601	5	1	1	5311.26	0
24.602	5	2	2	5319.04	0
24.641	5	1	1	5311.3	0
24.642	5	2	2	5318.9	0
24.681	5	1	1	5311.35	0
24.682	5	2	2	5318.76	0
24.721	5	1	1	5311.4	0
24.722	5	2	2	5318.63	0
24.761	5	1	1	5311.47	0
24.762	5	2	2	5318.5	0
24.801	5	1	1	5311.54	0
24.802	5	2	2	5318.38	0
24.841	5	1	1	5311.61	0
24.842	5	2	2	5318.27	0
24.881	5	1	1	5311.69	0
24.882	5	2	2	5318.17	0
24.921	5	1	1	5311.77	0
24.922	5	2	2	5318.07	0
24.961	5	1	1	5311.86	0
24.962	5	2	2	5317.97	0
25.001	5	1	1	5311.95	0
25.002	5	2	2	5317.88	0
25.041	5	1	1	5312.04	0
25.042	5	2	2	5317.8	0
25.081	5	1	1	5312.13	0
25.082	5	2	2	5317.72	0
25.121	5	1	1	5312.23	0
25.122	5	2	2	5317.65	0
25.161	5	1	1	5312.33	0
25.162	5	2	2	5317.58	0
25.201	5	1	1	5312.43	0
25.202	5	2	2	5317.52	0
25.241	5	1	1	5312.53	0
25.242	5	2	2	5317.46	0
25.281	5	1	1	5312.63	0
25.282	5	2	2	5317.41	0
25.321	5	1	1	5312.73	0
25.322	5	2	2	5317.36	0
25.361	5	1	1	5312.84	0
25.362	5	2	2	5317.32	0
25.401	5	1	1	5312.94	0
25.402	5	2	2	5317.28	0
25.441	5	1	1	5313.04	0
25.442	5	2	2	5317.24	0
25.481	5	1	1	5313.15	0
25.482	5	2	2	5317.21	0
25.521	5	1	1	5313.25	0
25.522	5	2	2	5317.18	0
25.561	5	1	1	5313.35	0
25.562	5	2	2	5317.16	0
25.601	5	1	1	5313.45	0
25.602	5	2	2	5317.14	0
25.641	5	1	1	5313.55	0
25.642	5	2	2	5317.12	0
25.681	5	1	1	5313.66	0
25.682	5	2	2	5317.1	0
25.721	5	1	1	5313.76	0
25.722	5	2	2	5317.09	0
25.761	5	1	1	5313.85	0
25.762	5	2	2	5317.08	0
25.801	5	1	1	5313.95	0
25.802	5	2	2	5317.07	0
25.841	5	1	1	5314.05	0
25.842	5	2	2	5317.07	0
25.881	5	1	1	5314.15	0
25.882	5	2	2	5317.07	0
25.921	5	1	1	5314.24	0
25.922	5	2	2	5317.07	0
25.961	5	1	1	5314.34	0
25.962	5	2	2	5317.07	0
26.001	5	1	1	5314.47	0
26.002	5	2	2	5317.13	0
26.041	5	1	1	5314.67	0
26.042	5	2	2	5317.18	0
26.081	5	1	1	5314.76	0
26.082	5	2	2	5317.18	0
26.121	5	1	1	5314.86	0
26.122	5	2	2	5317.18	0
26.161	5	1	1	5314.95	0
26.162	5	2	2	5317.18	0
26.201	5	1	1	5315.04	0
26.202	5	2	2	5317.18	0
26.241	5	1	1	5315.12	0
26.242	5	2	2	5317.18	0
26.281	5	1	1	5315.21	0
26.282	5	2	2	5317.19	0
26.321	5	1	1	5315.3	0
26.322	5	2	2	5317.19	0
26.361	5	1	1	5315.38	0
26.362	5	2	2	5317.2	0
26.401	5	1	1	5315.46	0
26.402	5	2	2	5317.21	0
26.441	5	1	1	5315.55	0
26.442	5	2	2	5317.22	0
26.481	5	1	1	5315.63	0
26.482	5	2	2	5317.24	0
26.521	5	1	1	5315.71	0
26.522	5	2	2	5317.25	0
26.561	5	1	1	5315.78	0
26.562	5	2	2	5317.27	0
26.601	5	1	1	5315.86	0
26.602	5	2	2	5317.29	0
26.641	5	1	1	5315.94	0
26.642	5	2	2	5317.3	0
26.681	5	1	1	5316.01	0
26.682	5	2	2	5317.32	0
26.721	5	1	1	5316.09	0
26.722	5	2	2	5317.34	0
26.761	5	1	1	5316.16	0
26.762	5	2	2	5317.37	0
26.801	5	1	1	5316.23	0
26.802	5	2	2	5317.39	0
26.841	5	1	1	5316.3	0
26.842	5	2	2	5317.41	0
26.881	5	1	1	5316.37	0
26.882	5	2	2	5317.44	0
26.921	5	1	1	5316.44	0
26.922	5	2	2	5317.46	0
26.961	5	1	1	5316.51	0
26.962	5	2	2	5317.49	0
27.001	5	1	1	5316.58	0
27.002	5	2	2	5317.51	0
27.041	5	1	1	5316.64	0
27.042	5	2	2	5317.54	0
27.081	5	1	1	5316.71	0
27.082	5	2	2	5317.57	0
27.121	5	1	1	5316.77	0
27.122	5	2	2	5317.59	0
27.161	5	1	1	5316.83	0
27.162	5	2	2	5317.62	0
27.201	5	1	1	5316.9	0
27.202	5	2	2	5317.65	0
27.241	5	1	1	5316.96	0
27.242	5	2	2	5317.68	0
27.281	5	1	1	5317.02	0
27.282	5	2	2	5317.71	0
27.321	5	1	1	5317.08	0
27.322	5	2	2	5317.74	0
27.361	5	1	1	5317.14	0
27.362	5	2	2	5317.77	0
27.401	5	1	1	5317.19	0
27.402	5	2	2	5317.8	0
27.441	5	1	1	5317.25	0
27.481	5	1	1	1.46138	0
27.481	8	2	1	0.736985	0
27.521	5	1	1	1.50815	0
27.521	8	2	1	0.719647	0
27.561	5	1	1	1.55632	0
27.561	8	2	1	0.702917	0
27.601	5	1	1	1.60591	0
27.601	8	2	1	0.686772	0
27.641	5	1	1	1.65697	0
27.641	8	2	1	0.67119	0
27.681	5	1	1	1.70952	0
27.681	8	2	1	0.656152	0
27.721	5	1	1	1.76359	0
27.721	8	2	1	0.641638	0
27.761	5	1	1	1.80939	0
27.761	8	2	1	0.631038	0
27.801	8	2	1	5331.53	0
27.802	8	1	2	7495.81	0
27.841	8	2	1	5331.52	0
27.842	8	1	2	5327.05	0
27.881	8	2	1	5331.51	0
27.882	8	1	2	5326.96	0
27.921	8	2	1	5331.49	0
27.922	8	1	2	5326.88	0
27.961	8	2	1	5331.47	0
27.962	8	1	2	5326.8	0
28.001	8	2	1	5331.45	0
28.002	8	1	2	5326.71	0
28.041	8	2	1	5331.43	0
28.042	8	1	2	5326.63	0
28.081	8	2	1	5331.4	0
28.082	8	1	2	5326.54	0
28.121	8	2	1	5331.37	0
28.122	8	1	2	5326.45	0
28.161	8	2	1	5331.34	0
28.162	8	1	2	5326.36	0
28.201	8	2	1	5331.3	0
28.202	8	1	2	5326.27	0
28.241	8	2	1	5331.26	0
28.242	8	1	2	5326.17	0
28.281	8	2	1	5331.22	0
28.282	8	1	2	5326.08	0
28.321	8	2	1	5331.17	0
28.322	8	1	2	5325.99	0
28.361	8	2	1	5331.12	0
28.362	8	1	2	5325.89	0
28.401	8	2	1	5331.06	0
28.402	8	1	2	5325.79	0
28.441	8	2	1	5331	0
28.442	8	1	2	5325.7	0
28.481	8	2	1	5330.94	0
28.482	8	1	2	5325.6	0
28.521	8	2	1	5330.87	0
28.522	8	1	2	5325.5	0
28.561	8	2	1	5330.8	0
28.562	8	1	2	5325.4	0
28.601	8	2	1	5330.73	0
28.602	8	1	2	5325.3	0
28.641	8	2	1	5330.65	0
28.642	8	1	2	5325.2	0
28.681	8	2	1	5330.56	0
28.682	8	1	2	5325.1	0
28.721	8	2	1	5330.47	0
28.722	8	1	2	5325	0
28.761	8	2	1	5330.38	0
28.762	8	1	2	5324.9	0
28.801	8	2	1	5330.28	0
28.802	8	1	2	5324.8	0
28.841	8	2	1	5330.17	0
28.842	8	1	2	5324.69	0
28.881	8	2	1	5330.06	0
28.882	8	1	2	5324.59	0
28.921	8	2	1	5329.95	0
28.922	8	1	2	5324.49	0
28.961	8	2	1	5329.82	0
28.962	8	1	2	5324.39	0
29.001	8	2	1	5329.48	0
29.002	8	1	2	5324.2	0
29.041	8	2	1	5328.77	0
29.042	8	1	2	5324.02	0
29.081	8	2	1	5328.58	0
29.082	8	1	2	5323.91	0
29.121	8	2	1	5328.39	0
29.122	8	1	2	5323.81	0
29.161	8	2	1	5328.2	0
29.162	8	1	2	5323.71	0
29.201	8	2	1	5328	0
29.202	8	1	2	5323.6	0
29.241	8	2	1	5327.79	0
29.242	8	1	2	5323.5	0
29.281	8	2	1	5327.58	0
29.282	8	1	2	5323.4	0
29.321	8	2	1	5327.37	0
29.322	8	1	2	5323.3	0
29.361	8	2	1	5327.15	0
29.362	8	1	2	5323.2	0
29.401	8	2	1	5326.92	0
29.402	8	1	2	5323.1	0
29.441	8	2	1	5326.7	0
29.442	8	1	2	5323.01	0
29.481	8	2	1	5326.47	0
29.482	8	1	2	5322.91	0
29.521	8	2	1	5326.23	0
29.522	8	1	2	5322.82	0
29.561	8	2	1	5326	0
29.562	8	1	2	5322.72	0
29.601	8	2	1	5325.76	0
29.602	8	1	2	5322.63	0
29.641	8	2	1	5325.52	0
29.642	8	1	2	5322.54	0
29.681	8	2	1	5325.28	0
29.682	8	1	2	5322.45	0
29.721	8	2	1	5325.03	0
29.722	8	1	2	5322.36	0
29.761	8	2	1	5324.79	0
29.762	8	1	2	5322.27	0
29.801	8	2	1	5324.55	0
29.802	8	1	2	5322.19	0
29.841	8	2	1	5324.3	0
29.842	8	1	2	5322.1	0
29.881	8	2	1	5324.06	0
29.882	8	1	2	5322.02	0
29.921	8	2	1	5323.82	0
29.922	8	1	2	5321.94	0
29.961	8	2	1	5323.58	0
29.962	8	1	2	5321.86	0
