% start	end	CellId	IMSI	RNTI	LCID	nTxPDUs	TxBytes	nRxPDUs	RxBytes	delay	stdDev	min	max	PduSize	stdDev	min	max
0	1	1	1	1	4	99	103490	98	102434	0.003	0	0.003	0.003	1045.24	98.7306	81	1056	
0	1	1	1	1	5	98	103488	96	101376	0.003	0	0.003	0.003	1056	0	1056	1056	
1	2	1	1	1	4	100	105600	99	104544	0.003	0	0.003	0.003	1056	0	1056	1056	
1	2	1	1	1	5	100	105600	99	104544	0.003	0	0.003	0.003	1056	0	1056	1056	
2	3	1	1	1	4	100	105600	99	104544	0.003	0	0.003	0.003	1056	0	1056	1056	
2	3	1	1	1	5	100	105600	100	105600	0.003	0	0.003	0.003	1056	0	1056	1056	
3	4	1	1	1	4	100	105600	99	104544	0.003	0	0.003	0.003	1056	0	1056	1056	
3	4	1	1	1	5	100	105600	100	105600	0.003	0	0.003	0.003	1056	0	1056	1056	
4	5	1	1	1	4	100	105600	100	105600	0.003	0	0.003	0.003	1056	0	1056	1056	
4	5	1	1	1	5	100	105600	100	105600	0.003	0	0.003	0.003	1056	0	1056	1056	
5	6	1	1	1	4	100	105600	100	105600	0.003	0	0.003	0.003	1056	0	1056	1056	
5	6	1	1	1	5	100	105600	99	104544	0.003	0	0.003	0.003	1056	0	1056	1056	
6	7	1	1	1	4	100	105600	100	105600	0.003	0	0.003	0.003	1056	0	1056	1056	
6	7	1	1	1	5	100	105600	100	105600	0.003	0	0.003	0.003	1056	0	1056	1056	
7	8	1	1	1	4	100	105600	100	105600	0.003	0	0.003	0.003	1056	0	1056	1056	
7	8	1	1	1	5	100	105600	100	105600	0.003	0	0.003	0.003	1056	0	1056	1056	
8	9	1	1	1	4	100	105600	100	105600	0.003	0	0.003	0.003	1056	0	1056	1056	
8	9	1	1	1	5	100	105600	100	105600	0.003	0	0.003	0.003	1056	0	1056	1056	
9	10	1	1	1	4	100	105600	100	105600	0.003	0	0.003	0.003	1056	0	1056	1056	
9	10	1	1	1	5	100	105600	100	105600	0.003	0	0.003	0.003	1056	0	1056	1056	
10	11	1	1	1	4	100	105600	100	105600	0.003	0	0.003	0.003	1056	0	1056	1056	
10	11	1	1	1	5	100	105600	100	105600	0.003	0	0.003	0.003	1056	0	1056	1056	
11	12	1	1	1	4	100	105600	100	105600	0.003	0	0.003	0.003	1056	0	1056	1056	
11	12	1	1	1	5	100	105600	100	105600	0.003	0	0.003	0.003	1056	0	1056	1056	
12	13	1	1	1	4	100	105600	100	105600	0.003	0	0.003	0.003	1056	0	1056	1056	
12	13	1	1	1	5	100	105600	100	105600	0.003	0	0.003	0.003	1056	0	1056	1056	
13	14	1	1	1	4	100	105600	100	105600	0.003	0	0.003	0.003	1056	0	1056	1056	
13	14	1	1	1	5	100	105600	100	105600	0.003	0	0.003	0.003	1056	0	1056	1056	
14	15	1	1	1	4	100	105600	100	105600	0.003	0	0.003	0.003	1056	0	1056	1056	
14	15	1	1	1	5	100	105600	100	105600	0.003	0	0.003	0.003	1056	0	1056	1056	
15	16	1	1	1	4	100	105600	100	105600	0.003	0	0.003	0.003	1056	0	1056	1056	
15	16	1	1	1	5	100	105600	100	105600	0.003	0	0.003	0.003	1056	0	1056	1056	
16	17	1	1	1	4	100	105600	100	105600	0.003	0	0.003	0.003	1056	0	1056	1056	
16	17	1	1	1	5	100	105600	100	105600	0.003	0	0.003	0.003	1056	0	1056	1056	
17	18	1	1	1	4	100	105600	100	105600	0.003	0	0.003	0.003	1056	0	1056	1056	
17	18	1	1	1	5	100	105600	100	105600	0.003	0	0.003	0.003	1056	0	1056	1056	
18	19	1	1	1	4	100	105600	100	105600	0.003	0	0.003	0.003	1056	0	1056	1056	
18	19	1	1	1	5	100	105600	100	105600	0.003	0	0.003	0.003	1056	0	1056	1056	
19	20	1	1	1	4	100	105600	100	105600	0.003	0	0.003	0.003	1056	0	1056	1056	
19	20	1	1	1	5	100	105600	100	105600	0.003	0	0.003	0.003	1056	0	1056	1056	
20	21	1	1	1	4	100	105600	100	105600	0.003	0	0.003	0.003	1056	0	1056	1056	
20	21	1	1	1	5	100	105600	100	105600	0.003	0	0.003	0.003	1056	0	1056	1056	
21	22	1	1	1	4	100	105600	100	105600	0.003	0	0.003	0.003	1056	0	1056	1056	
21	22	1	1	1	5	100	105600	100	105600	0.003	0	0.003	0.003	1056	0	1056	1056	
22	23	1	1	1	4	100	105600	100	105600	0.003	0	0.003	0.003	1056	0	1056	1056	
22	23	1	1	1	5	100	105600	100	105600	0.003	0	0.003	0.003	1056	0	1056	1056	
23	24	1	1	1	4	100	105600	100	105600	0.003	0	0.003	0.003	1056	0	1056	1056	
23	24	1	1	1	5	100	105600	100	105600	0.003	0	0.003	0.003	1056	0	1056	1056	
24	25	1	1	1	4	100	105600	100	105600	0.003	0	0.003	0.003	1056	0	1056	1056	
24	25	1	1	1	5	100	105600	100	105600	0.003	0	0.003	0.003	1056	0	1056	1056	
25	26	1	1	1	4	100	105600	100	105600	0.003	0	0.003	0.003	1056	0	1056	1056	
25	26	1	1	1	5	100	105600	100	105600	0.003	0	0.003	0.003	1056	0	1056	1056	
26	27	1	1	1	4	100	105600	100	105600	0.003	0	0.003	0.003	1056	0	1056	1056	
26	27	1	1	1	5	100	105600	100	105600	0.003	0	0.003	0.003	1056	0	1056	1056	
27	28	1	1	1	4	100	105600	100	105600	0.003	0	0.003	0.003	1056	0	1056	1056	
27	28	1	1	1	5	100	105600	100	105600	0.003	0	0.003	0.003	1056	0	1056	1056	
28	29	1	1	1	4	100	105600	99	104544	0.003	0	0.003	0.003	1056	0	1056	1056	
28	29	1	1	1	5	100	105600	100	105600	0.003	0	0.003	0.003	1056	0	1056	1056	
29	30	1	1	1	4	100	105600	98	103488	0.003	0	0.003	0.003	1056	0	1056	1056	
29	30	1	1	1	5	100	105600	100	105600	0.003	0	0.003	0.003	1056	0	1056	1056	
30	31	4	1	1	4	101	105602	98	102434	0.003	0	0.003	0.003	1045.24	98.7306	81	1056	
30	31	4	1	1	5	100	105600	100	105600	0.003	0	0.003	0.003	1056	0	1056	1056	
31	32	4	1	1	4	100	105600	100	105600	0.003	0	0.003	0.003	1056	0	1056	1056	
31	32	4	1	1	5	100	105600	100	105600	0.003	0	0.003	0.003	1056	0	1056	1056	
32	33	4	1	1	4	100	105600	100	105600	0.003	0	0.003	0.003	1056	0	1056	1056	
32	33	4	1	1	5	100	105600	100	105600	0.003	0	0.003	0.003	1056	0	1056	1056	
33	34	4	1	1	4	100	105600	100	105600	0.003	0	0.003	0.003	1056	0	1056	1056	
33	34	4	1	1	5	100	105600	99	104544	0.003	0	0.003	0.003	1056	0	1056	1056	
34	35	4	1	1	4	100	105600	99	104544	0.003	0	0.003	0.003	1056	0	1056	1056	
34	35	4	1	1	5	100	105600	99	104544	0.003	0	0.003	0.003	1056	0	1056	1056	
35	36	4	1	1	4	100	105600	99	104544	0.003	0	0.003	0.003	1056	0	1056	1056	
35	36	4	1	1	5	100	105600	100	105600	0.003	0	0.003	0.003	1056	0	1056	1056	
36	37	4	1	1	4	100	105600	99	104544	0.003	0	0.003	0.003	1056	0	1056	1056	
36	37	4	1	1	5	100	105600	98	103488	0.003	0	0.003	0.003	1056	0	1056	1056	
37	38	4	1	1	4	100	105600	99	104544	0.003	0	0.003	0.003	1056	0	1056	1056	
37	38	4	1	1	5	100	105600	97	102432	0.003	0	0.003	0.003	1056	0	1056	1056	
38	39	5	1	1	4	101	105602	101	105602	0.003	0	0.003	0.003	1045.56	97.2557	81	1056	
38	39	5	1	1	5	100	105600	100	105600	0.003	0	0.003	0.003	1056	0	1056	1056	
39	40	5	1	1	4	100	105600	99	104544	0.003	0	0.003	0.003	1056	0	1056	1056	
39	40	5	1	1	5	100	105600	99	104544	0.003	0	0.003	0.003	1056	0	1056	1056	
40	41	5	1	1	4	100	105600	100	105600	0.003	0	0.003	0.003	1056	0	1056	1056	
40	41	5	1	1	5	100	105600	100	105600	0.003	0	0.003	0.003	1056	0	1056	1056	
41	42	5	1	1	4	100	105600	100	105600	0.003	0	0.003	0.003	1056	0	1056	1056	
41	42	5	1	1	5	100	105600	100	105600	0.003	0	0.003	0.003	1056	0	1056	1056	
42	43	5	1	1	4	100	105600	100	105600	0.003	0	0.003	0.003	1056	0	1056	1056	
42	43	5	1	1	5	100	105600	100	105600	0.003	0	0.003	0.003	1056	0	1056	1056	
43	44	5	1	1	4	100	105600	100	105600	0.003	0	0.003	0.003	1056	0	1056	1056	
43	44	5	1	1	5	100	105600	100	105600	0.003	0	0.003	0.003	1056	0	1056	1056	
44	45	5	1	1	4	100	105600	100	105600	0.003	0	0.003	0.003	1056	0	1056	1056	
44	45	5	1	1	5	100	105600	100	105600	0.003	0	0.003	0.003	1056	0	1056	1056	
45	46	5	1	1	4	100	105600	100	105600	0.003	0	0.003	0.003	1056	0	1056	1056	
45	46	5	1	1	5	100	105600	100	105600	0.003	0	0.003	0.003	1056	0	1056	1056	
46	47	5	1	1	4	100	105600	100	105600	0.003	0	0.003	0.003	1056	0	1056	1056	
46	47	5	1	1	5	100	105600	100	105600	0.003	0	0.003	0.003	1056	0	1056	1056	
47	48	5	1	1	4	100	105600	100	105600	0.003	0	0.003	0.003	1056	0	1056	1056	
47	48	5	1	1	5	100	105600	100	105600	0.003	0	0.003	0.003	1056	0	1056	1056	
48	49	5	1	1	4	100	105600	100	105600	0.003	0	0.003	0.003	1056	0	1056	1056	
48	49	5	1	1	5	100	105600	100	105600	0.003	0	0.003	0.003	1056	0	1056	1056	
49	50	5	1	1	4	100	105600	100	105600	0.003	0	0.003	0.003	1056	0	1056	1056	
49	50	5	1	1	5	100	105600	99	104544	0.003	0	0.003	0.003	1056	0	1056	1056	
50	51	8	1	1	4	101	105602	100	104546	0.003	0	0.003	0.003	1045.46	97.74	81	1056	
50	51	8	1	1	5	100	105600	99	104544	0.003	0	0.003	0.003	1056	0	1056	1056	
51	52	8	1	1	4	100	105600	100	105600	0.003	0	0.003	0.003	1056	0	1056	1056	
51	52	8	1	1	5	100	105600	100	105600	0.003	0	0.003	0.003	1056	0	1056	1056	
52	53	8	1	1	4	100	105600	100	105600	0.003	0	0.003	0.003	1056	0	1056	1056	
52	53	8	1	1	5	100	105600	100	105600	0.003	0	0.003	0.003	1056	0	1056	1056	
53	54	8	1	1	4	100	105600	100	105600	0.003	0	0.003	0.003	1056	0	1056	1056	
53	54	8	1	1	5	100	105600	100	105600	0.003	0	0.003	0.003	1056	0	1056	1056	
54	55	8	1	1	4	100	105600	100	105600	0.003	0	0.003	0.003	1056	0	1056	1056	
54	55	8	1	1	5	100	105600	100	105600	0.003	0	0.003	0.003	1056	0	1056	1056	
55	56	8	1	1	4	100	105600	100	105600	0.003	0	0.003	0.003	1056	0	1056	1056	
55	56	8	1	1	5	100	105600	100	105600	0.003	0	0.003	0.003	1056	0	1056	1056	
56	57	8	1	1	4	100	105600	100	105600	0.003	0	0.003	0.003	1056	0	1056	1056	
56	57	8	1	1	5	100	105600	100	105600	0.003	0	0.003	0.003	1056	0	1056	1056	
57	58	8	1	1	4	100	105600	100	105600	0.003	0	0.003	0.003	1056	0	1056	1056	
57	58	8	1	1	5	100	105600	100	105600	0.003	0	0.003	0.003	1056	0	1056	1056	
58	59	8	1	1	4	100	105600	100	105600	0.003	0	0.003	0.003	1056	0	1056	1056	
58	59	8	1	1	5	100	105600	100	105600	0.003	0	0.003	0.003	1056	0	1056	1056	
59	60	8	1	1	4	100	105600	100	105600	0.003	0	0.003	0.003	1056	0	1056	1056	
59	60	8	1	1	5	100	105600	100	105600	0.003	0	0.003	0.003	1056	0	1056	1056	
60	61	8	1	1	4	100	105600	100	105600	0.003	0	0.003	0.003	1056	0	1056	1056	
60	61	8	1	1	5	100	105600	100	105600	0.003	0	0.003	0.003	1056	0	1056	1056	
61	62	8	1	1	4	100	105600	100	105600	0.003	0	0.003	0.003	1056	0	1056	1056	
61	62	8	1	1	5	100	105600	100	105600	0.003	0	0.003	0.003	1056	0	1056	1056	
62	63	8	1	1	4	100	105600	100	105600	0.003	0	0.003	0.003	1056	0	1056	1056	
62	63	8	1	1	5	100	105600	98	103488	0.003	0	0.003	0.003	1056	0	1056	1056	
63	64	9	1	1	4	101	105602	100	104546	0.003	0	0.003	0.003	1045.46	97.74	81	1056	
63	64	9	1	1	5	100	105600	99	104544	0.003	0	0.003	0.003	1056	0	1056	1056	
64	65	9	1	1	4	100	105600	100	105600	0.003	0	0.003	0.003	1056	0	1056	1056	
64	65	9	1	1	5	100	105600	100	105600	0.003	0	0.003	0.003	1056	0	1056	1056	
65	66	9	1	1	4	100	105600	100	105600	0.003	0	0.003	0.003	1056	0	1056	1056	
65	66	9	1	1	5	100	105600	100	105600	0.003	0	0.003	0.003	1056	0	1056	1056	
66	67	9	1	1	4	100	105600	100	105600	0.003	0	0.003	0.003	1056	0	1056	1056	
66	67	9	1	1	5	100	105600	100	105600	0.003	0	0.003	0.003	1056	0	1056	1056	
67	68	9	1	1	4	100	105600	100	105600	0.003	0	0.003	0.003	1056	0	1056	1056	
67	68	9	1	1	5	100	105600	100	105600	0.003	0	0.003	0.003	1056	0	1056	1056	
68	69	9	1	1	4	100	105600	100	105600	0.003	0	0.003	0.003	1056	0	1056	1056	
68	69	9	1	1	5	100	105600	100	105600	0.003	0	0.003	0.003	1056	0	1056	1056	
69	70	9	1	1	4	100	105600	100	105600	0.003	0	0.003	0.003	1056	0	1056	1056	
69	70	9	1	1	5	100	105600	100	105600	0.003	0	0.003	0.003	1056	0	1056	1056	
70	71	9	1	1	4	100	105600	100	105600	0.003	0	0.003	0.003	1056	0	1056	1056	
70	71	9	1	1	5	100	105600	100	105600	0.003	0	0.003	0.003	1056	0	1056	1056	
71	72	9	1	1	4	100	105600	100	105600	0.003	0	0.003	0.003	1056	0	1056	1056	
71	72	9	1	1	5	100	105600	100	105600	0.003	0	0.003	0.003	1056	0	1056	1056	
72	73	9	1	1	4	100	105600	100	105600	0.003	0	0.003	0.003	1056	0	1056	1056	
72	73	9	1	1	5	100	105600	100	105600	0.003	0	0.003	0.003	1056	0	1056	1056	
73	74	9	1	1	4	100	105600	100	105600	0.003	0	0.003	0.003	1056	0	1056	1056	
73	74	9	1	1	5	100	105600	100	105600	0.003	0	0.003	0.003	1056	0	1056	1056	
74	75	9	1	1	4	100	105600	100	105600	0.003	0	0.003	0.003	1056	0	1056	1056	
74	75	9	1	1	5	100	105600	100	105600	0.003	0	0.003	0.003	1056	0	1056	1056	
75	76	9	1	1	4	100	105600	100	105600	0.003	0	0.003	0.003	1056	0	1056	1056	
75	76	9	1	1	5	100	105600	100	105600	0.003	0	0.003	0.003	1056	0	1056	1056	
76	77	9	1	1	4	100	105600	100	105600	0.003	0	0.003	0.003	1056	0	1056	1056	
76	77	9	1	1	5	100	105600	100	105600	0.003	0	0.003	0.003	1056	0	1056	1056	
77	78	9	1	1	4	100	105600	100	105600	0.003	0	0.003	0.003	1056	0	1056	1056	
77	78	9	1	1	5	100	105600	100	105600	0.003	0	0.003	0.003	1056	0	1056	1056	
78	79	9	1	1	4	100	105600	100	105600	0.003	0	0.003	0.003	1056	0	1056	1056	
78	79	9	1	1	5	100	105600	99	104544	0.003	0	0.003	0.003	1056	0	1056	1056	
79	80	9	1	1	4	100	105600	100	105600	0.003	0	0.003	0.003	1056	0	1056	1056	
79	80	9	1	1	5	100	105600	99	104544	0.003	0	0.003	0.003	1056	0	1056	1056	
80	81	9	1	1	4	100	105600	98	103488	0.003	0	0.003	0.003	1056	0	1056	1056	
80	81	9	1	1	5	100	105600	99	104544	0.003	0	0.003	0.003	1056	0	1056	1056	
81	82	9	1	1	4	100	105600	100	105600	0.003	0	0.003	0.003	1056	0	1056	1056	
81	82	9	1	1	5	100	105600	100	105600	0.003	0	0.003	0.003	1056	0	1056	1056	
82	83	9	1	1	4	100	105600	100	105600	0.003	0	0.003	0.003	1056	0	1056	1056	
82	83	9	1	1	5	100	105600	100	105600	0.003	0	0.003	0.003	1056	0	1056	1056	
83	84	9	1	1	4	100	105600	99	104544	0.003	0	0.003	0.003	1056	0	1056	1056	
83	84	9	1	1	5	100	105600	100	105600	0.003	0	0.003	0.003	1056	0	1056	1056	
84	85	9	1	1	4	100	105600	99	104544	0.003	0	0.003	0.003	1056	0	1056	1056	
84	85	9	1	1	5	100	105600	100	105600	0.003	0	0.003	0.003	1056	0	1056	1056	
85	86	9	1	1	4	100	105600	99	104544	0.003	0	0.003	0.003	1056	0	1056	1056	
85	86	9	1	1	5	100	105600	99	104544	0.003	0	0.003	0.003	1056	0	1056	1056	
86	87	9	1	1	4	100	105600	99	104544	0.003	0	0.003	0.003	1056	0	1056	1056	
86	87	9	1	1	5	100	105600	99	104544	0.003	0	0.003	0.003	1056	0	1056	1056	
87	88	9	1	1	4	100	105600	96	101376	0.003	0	0.003	0.003	1056	0	1056	1056	
87	88	9	1	1	5	100	105600	100	105600	0.003	0	0.003	0.003	1056	0	1056	1056	
88	89	9	1	1	4	100	105600	93	98208	0.003	0	0.003	0.003	1056	0	1056	1056	
88	89	9	1	1	5	100	105600	97	102432	0.003	0	0.003	0.003	1056	0	1056	1056	
89	90	9	1	1	4	100	105600	96	101376	0.003	0	0.003	0.003	1056	0	1056	1056	
89	90	9	1	1	5	100	105600	99	104544	0.003	0	0.003	0.003	1056	0	1056	1056	
