% time	cellId	IMSI	RNTI	sinrLinear	componentCarrierId
0.041	1	1	1	1078.04	0
0.081	1	1	1	1079.77	0
0.121	1	1	1	1081.5	0
0.161	1	1	1	1083.23	0
0.201	1	1	1	1084.96	0
0.241	1	1	1	1086.7	0
0.281	1	1	1	1088.44	0
0.321	1	1	1	1090.18	0
0.361	1	1	1	1091.93	0
0.401	1	1	1	1093.68	0
0.441	1	1	1	1095.43	0
0.481	1	1	1	1097.18	0
0.521	1	1	1	1098.94	0
0.561	1	1	1	1100.7	0
0.601	1	1	1	1102.46	0
0.641	1	1	1	1104.22	0
0.681	1	1	1	1105.99	0
0.721	1	1	1	1107.76	0
0.761	1	1	1	1109.54	0
0.801	1	1	1	1111.31	0
0.841	1	1	1	1113.09	0
0.881	1	1	1	1114.87	0
0.921	1	1	1	1116.65	0
0.961	1	1	1	1118.44	0
1.001	1	1	1	1120.23	0
1.041	1	1	1	1122.02	0
1.081	1	1	1	1123.82	0
1.121	1	1	1	1125.62	0
1.161	1	1	1	1127.42	0
1.201	1	1	1	1129.22	0
1.241	1	1	1	1131.03	0
1.281	1	1	1	1132.83	0
1.321	1	1	1	1134.65	0
1.361	1	1	1	1136.46	0
1.401	1	1	1	1138.28	0
1.441	1	1	1	1140.1	0
1.481	1	1	1	1141.92	0
1.521	1	1	1	1143.74	0
1.561	1	1	1	1145.57	0
1.601	1	1	1	1147.4	0
1.641	1	1	1	1149.24	0
1.681	1	1	1	1151.07	0
1.721	1	1	1	1152.91	0
1.761	1	1	1	1154.75	0
1.801	1	1	1	1156.6	0
1.841	1	1	1	1158.44	0
1.881	1	1	1	1160.29	0
1.921	1	1	1	1162.14	0
1.961	1	1	1	1164	0
2.001	1	1	1	1166.08	0
2.041	1	1	1	1177.9	0
2.081	1	1	1	1189.89	0
2.121	1	1	1	1202.06	0
2.161	1	1	1	1214.42	0
2.201	1	1	1	1226.97	0
2.241	1	1	1	1239.72	0
2.281	1	1	1	1252.66	0
2.321	1	1	1	1265.81	0
2.361	1	1	1	1279.16	0
2.401	1	1	1	1292.73	0
2.441	1	1	1	1306.51	0
2.481	1	1	1	1320.51	0
2.521	1	1	1	1334.74	0
2.561	1	1	1	1349.19	0
2.601	1	1	1	1363.88	0
2.641	1	1	1	1378.81	0
2.681	1	1	1	1393.99	0
2.721	1	1	1	1409.41	0
2.761	1	1	1	1425.09	0
2.801	1	1	1	1441.04	0
2.841	1	1	1	1457.24	0
2.881	1	1	1	1473.73	0
2.921	1	1	1	1490.49	0
2.961	1	1	1	1507.54	0
3.001	1	1	1	1524.88	0
3.041	1	1	1	1542.52	0
3.081	1	1	1	1560.46	0
3.121	1	1	1	1578.72	0
3.161	1	1	1	1597.3	0
3.201	1	1	1	1616.2	0
3.241	1	1	1	1635.44	0
3.281	1	1	1	1655.03	0
3.321	1	1	1	1674.96	0
3.361	1	1	1	1695.26	0
3.401	1	1	1	1715.92	0
3.441	1	1	1	1736.96	0
3.481	1	1	1	1758.39	0
3.521	1	1	1	1780.21	0
3.561	1	1	1	1802.43	0
3.601	1	1	1	1825.08	0
3.641	1	1	1	1848.15	0
3.681	1	1	1	1871.65	0
3.721	1	1	1	1895.6	0
3.761	1	1	1	1920.01	0
3.801	1	1	1	1944.9	0
3.841	1	1	1	1970.26	0
3.881	1	1	1	1996.12	0
3.921	1	1	1	2022.49	0
3.961	1	1	1	2049.37	0
4.001	1	1	1	2076.8	0
4.041	1	1	1	2104.77	0
4.081	1	1	1	2133.3	0
4.121	1	1	1	2162.42	0
4.161	1	1	1	2192.12	0
4.201	1	1	1	2222.44	0
4.241	1	1	1	2253.39	0
4.281	1	1	1	2284.98	0
4.321	1	1	1	2317.23	0
4.361	1	1	1	2350.16	0
4.401	1	1	1	2383.79	0
4.441	1	1	1	2418.14	0
4.481	1	1	1	2453.23	0
4.521	1	1	1	2489.08	0
4.561	1	1	1	2525.71	0
4.601	1	1	1	2563.15	0
4.641	1	1	1	2601.42	0
4.681	1	1	1	2640.54	0
4.721	1	1	1	2680.54	0
4.761	1	1	1	2721.44	0
4.801	1	1	1	2763.28	0
4.841	1	1	1	2806.07	0
4.881	1	1	1	2849.85	0
4.921	1	1	1	2894.66	0
4.961	1	1	1	2940.51	0
5.001	1	1	1	2987.45	0
5.041	1	1	1	3035.5	0
5.081	1	1	1	3084.71	0
5.121	1	1	1	3135.1	0
5.161	1	1	1	3186.72	0
5.201	1	1	1	3239.61	0
5.241	1	1	1	3293.81	0
5.281	1	1	1	3349.35	0
5.321	1	1	1	3406.3	0
5.361	1	1	1	3464.68	0
5.401	1	1	1	3524.55	0
5.441	1	1	1	3585.96	0
5.481	1	1	1	3648.97	0
5.521	1	1	1	3713.62	0
5.561	1	1	1	3779.97	0
5.601	1	1	1	3848.09	0
5.641	1	1	1	3918.03	0
5.681	1	1	1	3989.86	0
5.721	1	1	1	4063.65	0
5.761	1	1	1	4139.46	0
5.801	1	1	1	4217.37	0
5.841	1	1	1	4297.46	0
5.881	1	1	1	4379.81	0
5.921	1	1	1	4464.49	0
5.961	1	1	1	4551.61	0
6.001	1	1	1	4641.24	0
6.041	1	1	1	4733.49	0
6.081	1	1	1	4828.45	0
6.121	1	1	1	4926.23	0
6.161	1	1	1	5026.95	0
6.201	1	1	1	5130.7	0
6.241	1	1	1	5237.63	0
6.281	1	1	1	5333.66	0
6.321	1	1	1	5333.75	0
6.361	1	1	1	5333.84	0
6.401	1	1	1	5333.93	0
6.441	1	1	1	5334.02	0
6.481	1	1	1	5334.12	0
6.521	1	1	1	5334.22	0
6.561	1	1	1	5334.31	0
6.601	1	1	1	5334.41	0
6.641	1	1	1	5334.52	0
6.681	1	1	1	5334.62	0
6.721	1	1	1	5334.73	0
6.761	1	1	1	5334.84	0
6.801	1	1	1	5334.95	0
6.841	1	1	1	5335.06	0
6.881	1	1	1	5335.17	0
6.921	1	1	1	5335.29	0
6.961	1	1	1	5335.41	0
7.001	1	1	1	5335.53	0
7.041	1	1	1	5335.65	0
7.081	1	1	1	5335.78	0
7.121	1	1	1	5335.91	0
7.161	1	1	1	5336.04	0
7.201	1	1	1	5336.17	0
7.241	1	1	1	5336.3	0
7.281	1	1	1	5336.44	0
7.321	1	1	1	5336.58	0
7.361	1	1	1	5336.72	0
7.401	1	1	1	5336.87	0
7.441	1	1	1	5337.02	0
7.481	1	1	1	5337.17	0
7.521	1	1	1	5337.32	0
7.561	1	1	1	5337.48	0
7.601	1	1	1	5337.63	0
7.641	1	1	1	5337.79	0
7.681	1	1	1	5337.96	0
7.721	1	1	1	5338.12	0
7.761	1	1	1	5338.29	0
7.801	1	1	1	5338.46	0
7.841	1	1	1	5338.63	0
7.881	1	1	1	5338.81	0
7.921	1	1	1	5338.99	0
7.961	1	1	1	5339.17	0
8.001	1	1	1	5339.35	0
8.041	1	1	1	5339.53	0
8.081	1	1	1	5339.71	0
8.121	1	1	1	5339.89	0
8.161	1	1	1	5340.08	0
8.201	1	1	1	5340.26	0
8.241	1	1	1	5340.44	0
8.281	1	1	1	5340.63	0
8.321	1	1	1	5340.81	0
8.361	1	1	1	5340.98	0
8.401	1	1	1	5341.16	0
8.441	1	1	1	5341.33	0
8.481	1	1	1	5341.49	0
8.521	1	1	1	5341.65	0
8.561	1	1	1	5341.8	0
8.601	1	1	1	5341.94	0
8.641	1	1	1	5342.07	0
8.681	1	1	1	5342.18	0
8.721	1	1	1	5342.28	0
8.761	1	1	1	5342.35	0
8.801	1	1	1	5342.41	0
8.841	1	1	1	5342.44	0
8.881	1	1	1	5342.45	0
8.921	1	1	1	5342.42	0
8.961	1	1	1	5342.36	0
9.001	1	1	1	5342.26	0
9.041	1	1	1	5342.11	0
9.081	1	1	1	5341.92	0
9.121	1	1	1	5341.67	0
9.161	1	1	1	5341.36	0
9.201	1	1	1	5340.98	0
9.241	1	1	1	5340.54	0
9.281	1	1	1	5340.02	0
9.321	1	1	1	5339.43	0
9.361	1	1	1	5338.75	0
9.401	1	1	1	5337.99	0
9.441	1	1	1	5337.13	0
9.481	1	1	1	5336.2	0
9.521	1	1	1	5335.17	0
9.561	1	1	1	5334.06	0
9.601	1	1	1	5332.87	0
9.641	1	1	1	5331.61	0
9.681	1	1	1	5330.28	0
9.721	1	1	1	5328.9	0
9.761	1	1	1	5327.48	0
9.801	1	1	1	5326.03	0
9.841	1	1	1	5324.56	0
9.881	1	1	1	5323.1	0
9.921	1	1	1	5321.65	0
9.961	1	1	1	5320.23	0
10.001	1	1	1	5318.85	0
10.041	1	1	1	5317.53	0
10.081	1	1	1	5316.27	0
10.121	1	1	1	5315.08	0
10.161	1	1	1	5313.98	0
10.201	1	1	1	5312.96	0
10.241	1	1	1	5312.02	0
10.281	1	1	1	5311.18	0
10.321	1	1	1	5310.42	0
10.361	1	1	1	5309.75	0
10.401	1	1	1	5309.15	0
10.441	1	1	1	5308.64	0
10.481	1	1	1	5308.2	0
10.521	1	1	1	5307.83	0
10.561	1	1	1	5307.53	0
10.601	1	1	1	5307.28	0
10.641	1	1	1	5307.08	0
10.681	1	1	1	5306.94	0
10.721	1	1	1	5306.84	0
10.761	1	1	1	5306.78	0
10.801	1	1	1	5306.75	0
10.841	1	1	1	5306.76	0
10.881	1	1	1	5306.79	0
10.921	1	1	1	5306.85	0
10.961	1	1	1	5306.93	0
11.001	1	1	1	5307.02	0
11.041	1	1	1	5307.13	0
11.081	1	1	1	5307.26	0
11.121	1	1	1	5307.4	0
11.161	1	1	1	5307.55	0
11.201	1	1	1	5307.7	0
11.241	1	1	1	5307.87	0
11.281	1	1	1	5308.04	0
11.321	1	1	1	5308.21	0
11.361	1	1	1	5308.39	0
11.401	1	1	1	5308.57	0
11.441	1	1	1	5308.75	0
11.481	1	1	1	5308.93	0
11.521	1	1	1	5309.11	0
11.561	1	1	1	5309.29	0
11.601	1	1	1	5309.48	0
11.641	1	1	1	5309.66	0
11.681	1	1	1	5309.84	0
11.721	1	1	1	5310.02	0
11.761	1	1	1	5310.2	0
11.801	1	1	1	5310.37	0
11.841	1	1	1	5310.55	0
11.881	1	1	1	5310.72	0
11.921	1	1	1	5310.89	0
11.961	1	1	1	5311.05	0
12.001	1	1	1	5311.22	0
12.041	1	1	1	5311.38	0
12.081	1	1	1	5311.54	0
12.121	1	1	1	5311.7	0
12.161	1	1	1	5311.85	0
12.201	1	1	1	5312.01	0
12.241	1	1	1	5312.16	0
12.281	1	1	1	5312.3	0
12.321	1	1	1	5312.45	0
12.361	1	1	1	5312.59	0
12.401	1	1	1	5312.73	0
12.441	1	1	1	5312.87	0
12.481	1	1	1	5313	0
12.521	1	1	1	5313.13	0
12.561	1	1	1	5313.26	0
12.601	1	1	1	5313.39	0
12.641	1	1	1	5313.51	0
12.681	1	1	1	5313.64	0
12.721	1	1	1	5313.76	0
12.761	1	1	1	5313.88	0
12.801	1	1	1	5313.99	0
12.841	1	1	1	5314.1	0
12.881	1	1	1	5314.22	0
12.921	1	1	1	5314.33	0
12.961	1	1	1	5314.43	0
13.001	1	1	1	5314.54	0
13.041	1	1	1	5314.64	0
13.081	1	1	1	5314.75	0
13.121	1	1	1	5314.85	0
13.161	1	1	1	5314.94	0
13.241	4	1	1	5330.69	0
13.281	4	1	1	5330.59	0
13.321	4	1	1	5330.48	0
13.361	4	1	1	5330.37	0
13.401	4	1	1	5330.25	0
13.441	4	1	1	5330.13	0
13.481	4	1	1	5330	0
13.521	4	1	1	5329.87	0
13.561	4	1	1	5329.73	0
13.601	4	1	1	5329.58	0
13.641	4	1	1	5329.43	0
13.681	4	1	1	5329.27	0
13.721	4	1	1	5329.11	0
13.761	4	1	1	5328.94	0
13.801	4	1	1	5328.76	0
13.841	4	1	1	5328.58	0
13.881	4	1	1	5328.4	0
13.921	4	1	1	5328.21	0
13.961	4	1	1	5328.01	0
14.001	4	1	1	5327.81	0
14.041	4	1	1	5327.6	0
14.081	4	1	1	5327.39	0
14.121	4	1	1	5327.18	0
14.161	4	1	1	5326.96	0
14.201	4	1	1	5326.74	0
14.241	4	1	1	5326.51	0
14.281	4	1	1	5326.28	0
14.321	4	1	1	5326.05	0
14.361	4	1	1	5325.82	0
14.401	4	1	1	5325.58	0
14.441	4	1	1	5325.35	0
14.481	4	1	1	5325.11	0
14.521	4	1	1	5324.87	0
14.561	4	1	1	5324.63	0
14.601	4	1	1	5324.39	0
14.641	4	1	1	5324.15	0
14.681	4	1	1	5323.91	0
14.721	4	1	1	5323.67	0
14.761	4	1	1	5323.43	0
14.801	4	1	1	5323.2	0
14.841	4	1	1	5322.97	0
14.881	4	1	1	5322.74	0
14.921	4	1	1	5322.51	0
14.961	4	1	1	5322.29	0
15.001	4	1	1	5322.07	0
15.041	4	1	1	5321.85	0
15.081	4	1	1	5321.64	0
15.121	4	1	1	5321.43	0
15.161	4	1	1	5321.23	0
15.201	4	1	1	5321.03	0
15.241	4	1	1	5320.84	0
15.281	4	1	1	5320.65	0
15.321	4	1	1	5320.47	0
15.361	4	1	1	5320.29	0
15.401	4	1	1	5320.12	0
15.441	4	1	1	5319.95	0
15.481	4	1	1	5319.79	0
15.521	4	1	1	5319.64	0
15.561	4	1	1	5319.49	0
15.601	4	1	1	5319.35	0
15.641	4	1	1	5319.21	0
15.681	4	1	1	5319.08	0
15.721	4	1	1	5318.95	0
15.761	4	1	1	5318.83	0
15.801	4	1	1	5318.72	0
15.841	4	1	1	5318.61	0
15.881	4	1	1	5318.51	0
15.921	4	1	1	5318.41	0
15.961	4	1	1	5318.32	0
16.001	4	1	1	5318.23	0
16.041	4	1	1	5318.15	0
16.081	4	1	1	5318.07	0
16.121	4	1	1	5318	0
16.161	4	1	1	5317.93	0
16.201	4	1	1	5317.87	0
16.241	4	1	1	5317.81	0
16.281	4	1	1	5317.75	0
16.321	4	1	1	5317.7	0
16.361	4	1	1	5317.66	0
16.401	4	1	1	5317.62	0
16.441	4	1	1	5317.58	0
16.481	4	1	1	5317.54	0
16.521	4	1	1	5317.51	0
16.561	4	1	1	5317.48	0
16.601	4	1	1	5317.46	0
16.641	4	1	1	5317.44	0
16.681	4	1	1	5317.42	0
16.721	4	1	1	5317.4	0
16.801	5	1	1	5330.51	0
16.841	5	1	1	5330.38	0
16.881	5	1	1	5330.24	0
16.921	5	1	1	5330.1	0
16.961	5	1	1	5329.95	0
17.001	5	1	1	5329.8	0
17.041	5	1	1	5329.64	0
17.081	5	1	1	5329.47	0
17.121	5	1	1	5329.3	0
17.161	5	1	1	5329.12	0
17.201	5	1	1	5328.93	0
17.241	5	1	1	5328.74	0
17.281	5	1	1	5328.54	0
17.321	5	1	1	5328.33	0
17.361	5	1	1	5328.12	0
17.401	5	1	1	5327.91	0
17.441	5	1	1	5327.69	0
17.481	5	1	1	5327.46	0
17.521	5	1	1	5327.23	0
17.561	5	1	1	5327	0
17.601	5	1	1	5326.76	0
17.641	5	1	1	5326.52	0
17.681	5	1	1	5326.27	0
17.721	5	1	1	5326.02	0
17.761	5	1	1	5325.77	0
17.801	5	1	1	5325.52	0
17.841	5	1	1	5325.26	0
17.881	5	1	1	5325.01	0
17.921	5	1	1	5324.75	0
17.961	5	1	1	5324.49	0
18.001	5	1	1	5324.24	0
18.041	5	1	1	5323.98	0
18.081	5	1	1	5323.72	0
18.121	5	1	1	5323.47	0
18.161	5	1	1	5323.22	0
18.201	5	1	1	5322.97	0
18.241	5	1	1	5322.72	0
18.281	5	1	1	5322.48	0
18.321	5	1	1	5322.24	0
18.361	5	1	1	5322	0
18.401	5	1	1	5321.77	0
18.441	5	1	1	5321.54	0
18.481	5	1	1	5321.32	0
18.521	5	1	1	5321.1	0
18.561	5	1	1	5320.89	0
18.601	5	1	1	5320.68	0
18.641	5	1	1	5320.48	0
18.681	5	1	1	5320.29	0
18.721	5	1	1	5320.1	0
18.761	5	1	1	5319.92	0
18.801	5	1	1	5319.74	0
18.841	5	1	1	5319.57	0
18.881	5	1	1	5319.41	0
18.921	5	1	1	5319.25	0
18.961	5	1	1	5319.1	0
19.001	5	1	1	5318.96	0
19.041	5	1	1	5318.82	0
19.081	5	1	1	5318.69	0
19.121	5	1	1	5318.57	0
19.161	5	1	1	5318.45	0
19.201	5	1	1	5318.33	0
19.241	5	1	1	5318.23	0
19.281	5	1	1	5318.13	0
19.321	5	1	1	5318.03	0
19.361	5	1	1	5317.94	0
19.401	5	1	1	5317.86	0
19.441	5	1	1	5317.78	0
19.481	5	1	1	5317.71	0
19.521	5	1	1	5317.64	0
19.561	5	1	1	5317.58	0
19.601	5	1	1	5317.52	0
19.641	5	1	1	5317.46	0
19.681	5	1	1	5317.41	0
19.721	5	1	1	5317.37	0
19.761	5	1	1	5317.33	0
19.801	5	1	1	5317.29	0
19.841	5	1	1	5317.26	0
19.881	5	1	1	5317.23	0
19.921	5	1	1	5317.2	0
19.961	5	1	1	5317.18	0
20.001	5	1	1	5317.16	0
20.041	5	1	1	5317.14	0
20.081	5	1	1	5317.13	0
20.121	5	1	1	5317.12	0
20.161	5	1	1	5317.11	0
20.201	5	1	1	5317.11	0
20.241	5	1	1	5317.1	0
20.281	5	1	1	5317.1	0
20.321	5	1	1	5317.11	0
20.361	5	1	1	5317.11	0
20.441	8	1	1	5337.29	0
20.481	8	1	1	5337.44	0
20.521	8	1	1	5337.58	0
20.561	8	1	1	5337.73	0
20.601	8	1	1	5337.88	0
20.641	8	1	1	5338.04	0
20.681	8	1	1	5338.19	0
20.721	8	1	1	5338.34	0
20.761	8	1	1	5338.5	0
20.801	8	1	1	5338.66	0
20.841	8	1	1	5338.81	0
20.881	8	1	1	5338.97	0
20.921	8	1	1	5339.13	0
20.961	8	1	1	5339.28	0
21.001	8	1	1	5339.44	0
21.041	8	1	1	5339.59	0
21.081	8	1	1	5339.74	0
21.121	8	1	1	5339.89	0
21.161	8	1	1	5340.03	0
21.201	8	1	1	5340.17	0
21.241	8	1	1	5340.31	0
21.281	8	1	1	5340.44	0
21.321	8	1	1	5340.56	0
21.361	8	1	1	5340.67	0
21.401	8	1	1	5340.77	0
21.441	8	1	1	5340.86	0
21.481	8	1	1	5340.94	0
21.521	8	1	1	5341	0
21.561	8	1	1	5341.05	0
21.601	8	1	1	5341.07	0
21.641	8	1	1	5341.07	0
21.681	8	1	1	5341.05	0
21.721	8	1	1	5341	0
21.761	8	1	1	5340.92	0
21.801	8	1	1	5340.8	0
21.841	8	1	1	5340.65	0
21.881	8	1	1	5340.45	0
21.921	8	1	1	5340.21	0
21.961	8	1	1	5339.92	0
22.001	8	1	1	5339.58	0
22.041	8	1	1	5339.18	0
22.081	8	1	1	5338.73	0
22.121	8	1	1	5338.21	0
22.161	8	1	1	5337.62	0
22.201	8	1	1	5336.97	0
22.241	8	1	1	5336.25	0
22.281	8	1	1	5335.46	0
22.321	8	1	1	5334.61	0
22.361	8	1	1	5333.68	0
22.401	8	1	1	5332.69	0
22.441	8	1	1	5331.64	0
22.481	8	1	1	5330.54	0
22.521	8	1	1	5329.39	0
22.561	8	1	1	5328.2	0
22.601	8	1	1	5326.98	0
22.641	8	1	1	5325.74	0
22.681	8	1	1	5324.49	0
22.721	8	1	1	5323.25	0
22.761	8	1	1	5322.01	0
22.801	8	1	1	5320.8	0
22.841	8	1	1	5319.61	0
22.881	8	1	1	5318.47	0
22.921	8	1	1	5317.38	0
22.961	8	1	1	5316.34	0
23.001	8	1	1	5315.36	0
23.041	8	1	1	5314.45	0
23.081	8	1	1	5313.6	0
23.121	8	1	1	5312.82	0
23.161	8	1	1	5312.11	0
23.201	8	1	1	5311.47	0
23.241	8	1	1	5310.9	0
23.281	8	1	1	5310.39	0
23.321	8	1	1	5309.95	0
23.361	8	1	1	5309.56	0
23.401	8	1	1	5309.23	0
23.441	8	1	1	5308.94	0
23.481	8	1	1	5308.71	0
23.521	8	1	1	5308.52	0
23.561	8	1	1	5308.37	0
23.601	8	1	1	5308.26	0
23.641	8	1	1	5308.19	0
23.681	8	1	1	5308.14	0
23.721	8	1	1	5308.12	0
23.761	8	1	1	5308.12	0
23.801	8	1	1	5308.15	0
23.841	8	1	1	5308.2	0
23.881	8	1	1	5308.26	0
23.921	8	1	1	5308.34	0
23.961	8	1	1	5308.43	0
24.001	8	1	1	5308.53	0
24.041	8	1	1	5308.65	0
24.081	8	1	1	5308.77	0
24.121	8	1	1	5308.9	0
24.161	8	1	1	5309.03	0
24.201	8	1	1	5309.17	0
24.241	8	1	1	5309.31	0
24.281	8	1	1	5309.46	0
24.321	8	1	1	5309.61	0
24.361	8	1	1	5309.76	0
24.401	8	1	1	5309.92	0
24.441	8	1	1	5310.07	0
24.481	8	1	1	5310.23	0
24.521	8	1	1	5310.39	0
24.561	8	1	1	5310.54	0
24.601	8	1	1	5310.7	0
24.641	8	1	1	5310.85	0
24.681	8	1	1	5311	0
24.721	8	1	1	5311.16	0
24.761	8	1	1	5311.31	0
24.801	8	1	1	5311.46	0
24.841	8	1	1	5311.61	0
24.881	8	1	1	5311.75	0
24.921	8	1	1	5311.9	0
24.961	8	1	1	5312.04	0
25.001	8	1	1	5312.18	0
25.041	8	1	1	5312.32	0
25.081	8	1	1	5312.46	0
25.121	8	1	1	5312.6	0
25.161	8	1	1	5312.73	0
25.201	8	1	1	5312.86	0
25.241	8	1	1	5312.99	0
25.281	8	1	1	5313.12	0
25.321	8	1	1	5313.24	0
25.361	8	1	1	5313.36	0
25.401	8	1	1	5313.49	0
25.441	8	1	1	5313.61	0
25.481	8	1	1	5313.72	0
25.521	8	1	1	5313.84	0
25.561	8	1	1	5313.95	0
25.601	8	1	1	5314.06	0
25.641	8	1	1	5314.17	0
25.681	8	1	1	5314.28	0
25.721	8	1	1	5314.39	0
25.761	8	1	1	5314.49	0
25.801	8	1	1	5314.59	0
25.841	8	1	1	5314.69	0
25.881	8	1	1	5314.79	0
25.921	8	1	1	5314.89	0
25.961	8	1	1	5314.99	0
26.001	8	1	1	5315.08	0
26.041	8	1	1	5315.17	0
26.081	8	1	1	5315.26	0
26.121	8	1	1	5315.35	0
26.161	8	1	1	5315.44	0
26.201	8	1	1	5315.53	0
26.241	8	1	1	5261.26	0
26.281	8	1	1	5154.31	0
26.321	8	1	1	5050.49	0
26.361	8	1	1	4949.69	0
26.401	8	1	1	4851.81	0
26.441	8	1	1	4756.72	0
26.481	8	1	1	4664.33	0
26.521	8	1	1	4574.54	0
26.561	8	1	1	4487.26	0
26.601	8	1	1	4402.39	0
26.641	8	1	1	4319.85	0
26.681	8	1	1	4239.56	0
26.721	8	1	1	4161.44	0
26.761	8	1	1	4085.4	0
26.801	8	1	1	4011.39	0
26.841	8	1	1	3939.33	0
26.881	8	1	1	3869.16	0
26.921	8	1	1	3800.8	0
27.001	9	1	1	5047.59	0
27.041	9	1	1	5020.64	0
27.081	9	1	1	4992.87	0
27.121	9	1	1	4964.33	0
27.161	9	1	1	4935.03	0
27.201	9	1	1	4905.03	0
27.241	9	1	1	4874.34	0
27.281	9	1	1	4842.99	0
27.321	9	1	1	4811.03	0
27.361	9	1	1	4778.49	0
27.401	9	1	1	4745.39	0
27.441	9	1	1	4711.77	0
27.481	9	1	1	4677.66	0
27.521	9	1	1	4643.09	0
27.561	9	1	1	4608.09	0
27.601	9	1	1	4572.7	0
27.641	9	1	1	4536.94	0
27.681	9	1	1	4500.84	0
27.721	9	1	1	4464.44	0
27.761	9	1	1	4427.75	0
27.801	9	1	1	4390.82	0
27.841	9	1	1	4353.67	0
27.881	9	1	1	4316.31	0
27.921	9	1	1	4278.79	0
27.961	9	1	1	4241.12	0
28.001	9	1	1	4203.33	0
28.041	9	1	1	4165.45	0
28.081	9	1	1	4127.49	0
28.121	9	1	1	4089.48	0
28.161	9	1	1	4051.45	0
28.201	9	1	1	4013.4	0
28.241	9	1	1	3975.37	0
28.281	9	1	1	3937.37	0
28.321	9	1	1	3899.42	0
28.361	9	1	1	3861.54	0
28.401	9	1	1	3823.74	0
28.441	9	1	1	3786.05	0
28.481	9	1	1	3748.47	0
28.521	9	1	1	3711.03	0
28.561	9	1	1	3673.73	0
28.601	9	1	1	3636.59	0
28.641	9	1	1	3599.63	0
28.681	9	1	1	3562.85	0
28.721	9	1	1	3526.27	0
28.761	9	1	1	3489.89	0
28.801	9	1	1	3453.73	0
28.841	9	1	1	3417.8	0
28.881	9	1	1	3382.11	0
28.921	9	1	1	3346.66	0
28.961	9	1	1	3311.47	0
29.001	9	1	1	3276.53	0
29.041	9	1	1	3241.86	0
29.081	9	1	1	3207.47	0
29.121	9	1	1	3173.35	0
29.161	9	1	1	3139.52	0
29.201	9	1	1	3105.98	0
29.241	9	1	1	3072.73	0
29.281	9	1	1	3039.78	0
29.321	9	1	1	3007.13	0
29.361	9	1	1	2974.78	0
29.401	9	1	1	2942.74	0
29.441	9	1	1	2911.01	0
29.481	9	1	1	2879.6	0
29.521	9	1	1	2848.49	0
29.561	9	1	1	2817.71	0
29.601	9	1	1	2787.24	0
29.641	9	1	1	2757.08	0
29.681	9	1	1	2727.25	0
29.721	9	1	1	2697.73	0
29.761	9	1	1	2668.53	0
29.801	9	1	1	2639.65	0
29.841	9	1	1	2611.09	0
29.881	9	1	1	2582.85	0
29.921	9	1	1	2554.92	0
29.961	9	1	1	2527.31	0
