0.045 1 2 1 
4.1468 1 3 1 
4.2556 1 2 2 
4.2556 1 2 2 
5.0252 1 3 2 
5.0252 1 3 2 
5.0252 1 3 2 
5.086 1 2 3 
5.086 1 2 3 
5.086 1 2 3 
5.086 1 2 3 
5.11 1 3 3 
5.11 1 3 3 
5.11 1 3 3 
5.11 1 3 3 
5.11 1 3 3 
5.8876 1 2 4 
5.8876 1 2 4 
5.8876 1 2 4 
5.8876 1 2 4 
5.8876 1 2 4 
5.8876 1 2 4 
6.8956 1 3 4 
6.8956 1 3 4 
6.8956 1 3 4 
6.8956 1 3 4 
6.8956 1 3 4 
6.8956 1 3 4 
6.8956 1 3 4 
7.6764 1 2 5 
7.6764 1 2 5 
7.6764 1 2 5 
7.6764 1 2 5 
7.6764 1 2 5 
7.6764 1 2 5 
7.6764 1 2 5 
7.6764 1 2 5 
7.6828 1 3 5 
7.6828 1 3 5 
7.6828 1 3 5 
7.6828 1 3 5 
7.6828 1 3 5 
7.6828 1 3 5 
7.6828 1 3 5 
7.6828 1 3 5 
7.6828 1 3 5 
9.2444 1 2 6 
9.2444 1 2 6 
9.2444 1 2 6 
9.2444 1 2 6 
9.2444 1 2 6 
9.2444 1 2 6 
9.2444 1 2 6 
9.2444 1 2 6 
9.2444 1 2 6 
9.2444 1 2 6 
