Tx 0.007 1 1 0 12 
Rx 0.01 1 1 0 12 2999999
Tx 0.022 1 1 0 3 
Rx 0.025 1 1 0 3 2999999
Tx 0.027 1 1 1 57 
Tx 0.0284 2 1 0 12 
Rx 0.0288083 2 1 0 12 408319
Tx 0.042 1 1 1 19 
Tx 0.042 1 1 1 19 
Tx 4.1461 2 1 1 54 
Tx 4.2549 3 1 1 54 
Tx 4.2549 3 1 1 54 
Tx 5.0245 2 2 1 54 
Tx 5.0245 2 2 1 54 
Tx 5.0853 3 2 1 54 
Tx 5.0853 3 2 1 54 
Tx 5.1093 2 3 1 54 
Tx 5.1093 2 3 1 54 
Tx 5.8869 3 3 1 54 
Tx 5.8869 3 3 1 54 
Tx 6.8949 2 4 1 54 
Tx 6.8949 2 4 1 54 
Tx 7.6757 3 4 1 54 
Tx 7.6757 3 4 1 54 
Tx 7.6821 2 5 1 54 
Tx 7.6821 2 5 1 54 
Tx 9.2437 3 5 1 54 
Tx 9.2437 3 5 1 54 
