0.045 1 2 1 
10.1388 1 3 1 
14.0188 1 2 2 
14.0188 1 2 2 
16.0044 1 3 2 
16.0044 1 3 2 
16.0044 1 3 2 
23.1932 1 2 3 
23.1932 1 2 3 
23.1932 1 2 3 
23.1932 1 2 3 
23.246 1 3 3 
23.246 1 3 3 
23.246 1 3 3 
23.246 1 3 3 
23.246 1 3 3 
27.206 1 2 4 
27.206 1 2 4 
27.206 1 2 4 
27.206 1 2 4 
27.206 1 2 4 
27.206 1 2 4 
27.492 1 1 1 
27.503 1 2 4 
27.83 1 1 1 
27.849 1 2 4 
28.228 1 1 1 
28.8246 1 3 4 
28.8246 1 3 4 
28.8246 1 3 4 
28.8246 1 3 4 
28.8246 1 3 4 
28.8246 1 3 4 
28.8246 1 3 4 
28.958 1 2 5 
28.958 1 2 5 
28.958 1 2 5 
28.958 1 2 5 
28.958 1 2 5 
28.958 1 2 5 
28.958 1 2 5 
28.958 1 2 5 
34.0636 1 3 5 
34.0636 1 3 5 
34.0636 1 3 5 
34.0636 1 3 5 
34.0636 1 3 5 
34.0636 1 3 5 
34.0636 1 3 5 
34.0636 1 3 5 
34.0636 1 3 5 
