Tx 0.0267144 1 1 1 53 
Tx 0.0419286 1 1 1 15 
Tx 0.0419286 1 1 1 15 
Tx 10.138 2 1 1 50 
Tx 14.018 3 1 1 50 
Tx 14.018 3 1 1 50 
Tx 16.0036 2 2 1 50 
Tx 16.0036 2 2 1 50 
Tx 23.1924 3 2 1 50 
Tx 23.1924 3 2 1 50 
Tx 23.2452 2 3 1 50 
Tx 23.2452 2 3 1 50 
Tx 27.2052 3 3 1 50 
Tx 27.2052 3 3 1 50 
Tx 27.4885 1 1 1 7 
Tx 27.4885 1 1 1 7 
Tx 27.4997 1 1 1 7 
Tx 27.4997 1 1 1 7 
Tx 27.8261 1 1 1 7 
Tx 27.8261 1 1 1 7 
Tx 27.8453 1 1 1 7 
Tx 27.8453 1 1 1 7 
Tx 28.2245 1 1 1 7 
Tx 28.2245 1 1 1 7 
Tx 28.8228 2 4 1 50 
Tx 28.8228 2 4 1 50 
Tx 28.9572 3 4 1 50 
Tx 28.9572 3 4 1 50 
Tx 34.0628 2 5 1 50 
Tx 34.0628 2 5 1 50 
