Tx 0.007 1 1 0 12 
Rx 0.01 1 1 0 12 2999999
Tx 0.022 1 1 0 3 
Rx 0.025 1 1 0 3 2999999
Tx 0.027 1 1 1 57 
Tx 0.0284 2 1 0 12 
Rx 0.0288083 2 1 0 12 408319
Tx 0.042 1 1 1 19 
Tx 0.042 1 1 1 19 
Tx 10.1381 2 1 1 54 
Tx 14.0181 3 1 1 54 
Tx 14.0181 3 1 1 54 
Tx 16.0037 2 2 1 54 
Tx 16.0037 2 2 1 54 
Tx 23.1925 3 2 1 54 
Tx 23.1925 3 2 1 54 
Tx 23.2453 2 3 1 54 
Tx 23.2453 2 3 1 54 
Tx 27.2053 3 3 1 54 
Tx 27.2053 3 3 1 54 
Tx 27.489 1 1 1 11 
Tx 27.489 1 1 1 11 
Tx 27.5 1 1 1 11 
Tx 27.5 1 1 1 11 
Tx 27.827 1 1 1 11 
Tx 27.827 1 1 1 11 
Tx 27.846 1 1 1 11 
Tx 27.846 1 1 1 11 
Tx 28.225 1 1 1 11 
Tx 28.225 1 1 1 11 
Tx 28.8229 2 4 1 54 
Tx 28.8229 2 4 1 54 
Tx 28.9573 3 4 1 54 
Tx 28.9573 3 4 1 54 
Tx 34.0629 2 5 1 54 
Tx 34.0629 2 5 1 54 
