Rx 0.0219286 1 1 1 8 4714285
Rx 0.0294083 2 1 1 8 304160
Rx 0.0409286 1 1 1 2 0
Rx 0.0409286 1 1 1 16 4714285
Rx 0.0569286 1 1 1 2 0
Rx 0.0569286 1 1 1 2 0
Rx 0.0569286 1 1 1 7 4714285
Rx 0.0569286 1 1 1 7 4714285
Rx 10.1394 3 1 1 7 304160
Rx 14.0194 2 2 1 7 304160
Rx 16.005 3 2 1 7 304160
Rx 23.1938 2 3 1 7 304160
Rx 23.2466 3 3 1 7 304160
Rx 27.2066 2 4 1 7 304160
Rx 27.5039 1 1 1 2 0
Rx 27.5039 1 1 1 2 0
Rx 27.5349 1 1 1 2 0
Rx 27.5349 1 1 1 2 0
Rx 27.8419 1 1 1 2 0
Rx 27.8419 1 1 1 2 0
Rx 27.8609 1 1 1 2 0
Rx 27.8609 1 1 1 2 0
Rx 28.2399 1 1 1 2 0
Rx 28.2399 1 1 1 2 0
Rx 28.8252 3 4 1 7 304160
Rx 28.9586 2 5 1 7 304160
Rx 34.0642 3 5 1 7 304160
