% start	end	CellId	IMSI	RNTI	LCID	nTxPDUs	TxBytes	nRxPDUs	RxBytes	delay	stdDev	min	max	PduSize	stdDev	min	max
0	1	1	1	1	4	98	103292	93	98022	0.0213668	0.0229725	0.00340986	0.10341	1054	0	1054	1054	
0	1	1	1	1	5	98	103292	97	102238	0.0112223	0.00746084	0.00310895	0.0181089	1054	0	1054	1054	
0	1	1	1	1	6	98	103292	96	101184	0.00900669	0.0192904	0.00309003	0.10309	1054	0	1054	1054	
0	1	3	2	1	4	88	92752	56	59024	0.00361353	0.00262148	0.00311355	0.0211127	1054	0	1054	1054	
0	1	3	2	1	5	88	92752	56	59024	0.0191233	0.0116436	0.0133724	0.103373	1054	0	1054	1054	
0	1	3	2	1	6	88	92752	56	59024	0.00373081	0.00262148	0.00323083	0.02123	1054	0	1054	1054	
1	2	1	1	1	4	100	105400	98	103292	0.0335323	0.0282756	0.0124099	0.13441	1054	0	1054	1054	
1	2	1	1	1	5	100	105400	98	103292	0.0263028	0.0207884	0.0111089	0.103109	1054	0	1054	1054	
1	2	1	1	1	6	100	105400	100	105400	0.00309003	0	0.00309003	0.00309003	1054	0	1054	1054	
1	2	3	2	1	4	100	105400	100	105400	0.00311355	0	0.00311355	0.00311355	1054	0	1054	1054	
1	2	3	2	1	5	100	105400	97	102238	0.0407032	0.0435834	0.0103733	0.187373	1054	0	1054	1054	
1	2	3	2	1	6	100	105400	100	105400	0.00323083	0	0.00323083	0.00323083	1054	0	1054	1054	
2	3	1	1	1	4	100	105400	99	104346	0.0150664	0.0238174	0.00440986	0.10341	1054	0	1054	1054	
2	3	1	1	1	5	100	105400	99	104346	0.0221999	0.0151752	0.0181089	0.103109	1054	0	1054	1054	
2	3	1	1	1	6	100	105400	100	105400	0.00309003	0	0.00309003	0.00309003	1054	0	1054	1054	
2	3	3	2	1	4	100	105400	99	104346	0.0086691	0.0190178	0.00311355	0.103114	1054	0	1054	1054	
2	3	3	2	1	5	100	105400	100	105400	0.0173733	0	0.0173733	0.0173733	1054	0	1054	1054	
2	3	3	2	1	6	100	105400	99	104346	0.00878639	0.0190178	0.00323083	0.103231	1054	0	1054	1054	
3	4	1	1	1	4	100	105400	100	105400	0.00440986	0	0.00440986	0.00440986	1054	0	1054	1054	
3	4	1	1	1	5	100	105400	99	104346	0.0221999	0.0151752	0.0181089	0.103109	1054	0	1054	1054	
3	4	1	1	1	6	100	105400	100	105400	0.00309003	0	0.00309003	0.00309003	1054	0	1054	1054	
3	4	3	2	1	4	100	105400	100	105400	0.00311355	0	0.00311355	0.00311355	1054	0	1054	1054	
3	4	3	2	1	5	100	105400	100	105400	0.0173733	0	0.0173733	0.0173733	1054	0	1054	1054	
3	4	3	2	1	6	100	105400	100	105400	0.00323083	0	0.00323083	0.00323083	1054	0	1054	1054	
4	5	1	1	1	4	100	105400	98	103292	0.0135935	0.0224147	0.00440986	0.0944099	1054	0	1054	1054	
4	5	1	1	1	5	100	105400	99	104346	0.0221999	0.0151752	0.0181089	0.103109	1054	0	1054	1054	
4	5	1	1	1	6	100	105400	100	105400	0.00309003	0	0.00309003	0.00309003	1054	0	1054	1054	
4	5	3	2	1	4	100	105400	100	105400	0.00311355	0	0.00311355	0.00311355	1054	0	1054	1054	
4	5	3	2	1	5	100	105400	100	105400	0.0173033	0.0007	0.0103733	0.0173733	1054	0	1054	1054	
4	5	3	2	1	6	100	105400	100	105400	0.00323083	0	0.00323083	0.00323083	1054	0	1054	1054	
5	6	1	1	1	4	100	105400	100	105400	0.00440986	0	0.00440986	0.00440986	1054	0	1054	1054	
5	6	1	1	1	5	100	105400	100	105400	0.0181089	0	0.0181089	0.0181089	1054	0	1054	1054	
5	6	1	1	1	6	100	105400	100	105400	0.00309003	0	0.00309003	0.00309003	1054	0	1054	1054	
5	6	3	2	1	4	100	105400	100	105400	0.00311355	0	0.00311355	0.00311355	1054	0	1054	1054	
5	6	3	2	1	5	100	105400	100	105400	0.0173733	0	0.0173733	0.0173733	1054	0	1054	1054	
5	6	3	2	1	6	100	105400	100	105400	0.00323083	0	0.00323083	0.00323083	1054	0	1054	1054	
6	7	1	1	1	4	100	105400	99	104346	0.00895531	0.01643	0.00440986	0.0944099	1054	0	1054	1054	
6	7	1	1	1	5	100	105400	99	104346	0.0221999	0.0151752	0.0181089	0.103109	1054	0	1054	1054	
6	7	1	1	1	6	100	105400	100	105400	0.00309003	0	0.00309003	0.00309003	1054	0	1054	1054	
6	7	3	2	1	4	100	105400	100	105400	0.00311355	0	0.00311355	0.00311355	1054	0	1054	1054	
6	7	3	2	1	5	100	105400	100	105400	0.0173733	0	0.0173733	0.0173733	1054	0	1054	1054	
6	7	3	2	1	6	100	105400	100	105400	0.00323083	0	0.00323083	0.00323083	1054	0	1054	1054	
7	8	1	1	1	4	100	105400	100	105400	0.00440986	0	0.00440986	0.00440986	1054	0	1054	1054	
7	8	1	1	1	5	100	105400	100	105400	0.0181089	0	0.0181089	0.0181089	1054	0	1054	1054	
7	8	1	1	1	6	100	105400	100	105400	0.00309003	0	0.00309003	0.00309003	1054	0	1054	1054	
7	8	3	2	1	4	100	105400	100	105400	0.00311355	0	0.00311355	0.00311355	1054	0	1054	1054	
7	8	3	2	1	5	100	105400	100	105400	0.0164633	0.00236598	0.0103733	0.0173733	1054	0	1054	1054	
7	8	3	2	1	6	100	105400	100	105400	0.00323083	0	0.00323083	0.00323083	1054	0	1054	1054	
8	9	1	1	1	4	100	105400	100	105400	0.00440986	0	0.00440986	0.00440986	1054	0	1054	1054	
8	9	1	1	1	5	100	105400	100	105400	0.0178289	0.00137862	0.0111089	0.0181089	1054	0	1054	1054	
8	9	1	1	1	6	100	105400	100	105400	0.00309003	0	0.00309003	0.00309003	1054	0	1054	1054	
8	9	3	2	1	4	100	105400	100	105400	0.00311355	0	0.00311355	0.00311355	1054	0	1054	1054	
8	9	3	2	1	5	100	105400	100	105400	0.0117033	0.00275994	0.0103733	0.0173733	1054	0	1054	1054	
8	9	3	2	1	6	100	105400	100	105400	0.00323083	0	0.00323083	0.00323083	1054	0	1054	1054	
9	10	1	1	1	4	100	105400	100	105400	0.00440986	0	0.00440986	0.00440986	1054	0	1054	1054	
9	10	1	1	1	5	100	105400	100	105400	0.0132089	0.00322396	0.0111089	0.0181089	1054	0	1054	1054	
9	10	1	1	1	6	100	105400	100	105400	0.00309003	0	0.00309003	0.00309003	1054	0	1054	1054	
9	10	3	2	1	4	100	105400	100	105400	0.00311355	0	0.00311355	0.00311355	1054	0	1054	1054	
9	10	3	2	1	5	100	105400	100	105400	0.0103733	0	0.0103733	0.0103733	1054	0	1054	1054	
9	10	3	2	1	6	100	105400	100	105400	0.00323083	0	0.00323083	0.00323083	1054	0	1054	1054	
10	11	1	1	1	4	100	105400	100	105400	0.00440986	0	0.00440986	0.00440986	1054	0	1054	1054	
10	11	1	1	1	5	100	105400	100	105400	0.0111089	0	0.0111089	0.0111089	1054	0	1054	1054	
10	11	1	1	1	6	100	105400	100	105400	0.00309003	0	0.00309003	0.00309003	1054	0	1054	1054	
10	11	3	2	1	4	100	105400	100	105400	0.00311355	0	0.00311355	0.00311355	1054	0	1054	1054	
10	11	3	2	1	5	100	105400	100	105400	0.0103733	0	0.0103733	0.0103733	1054	0	1054	1054	
10	11	3	2	1	6	100	105400	100	105400	0.00323083	0	0.00323083	0.00323083	1054	0	1054	1054	
11	12	1	1	1	4	100	105400	100	105400	0.00440986	0	0.00440986	0.00440986	1054	0	1054	1054	
11	12	1	1	1	5	100	105400	100	105400	0.0111089	0	0.0111089	0.0111089	1054	0	1054	1054	
11	12	1	1	1	6	100	105400	100	105400	0.00309003	0	0.00309003	0.00309003	1054	0	1054	1054	
11	12	3	2	1	4	100	105400	100	105400	0.00311355	0	0.00311355	0.00311355	1054	0	1054	1054	
11	12	3	2	1	5	100	105400	100	105400	0.0103733	0	0.0103733	0.0103733	1054	0	1054	1054	
11	12	3	2	1	6	100	105400	100	105400	0.00323083	0	0.00323083	0.00323083	1054	0	1054	1054	
12	13	1	1	1	4	100	105400	100	105400	0.00440986	0	0.00440986	0.00440986	1054	0	1054	1054	
12	13	1	1	1	5	100	105400	100	105400	0.0111089	0	0.0111089	0.0111089	1054	0	1054	1054	
12	13	1	1	1	6	100	105400	100	105400	0.00309003	0	0.00309003	0.00309003	1054	0	1054	1054	
12	13	3	2	1	4	100	105400	100	105400	0.00311355	0	0.00311355	0.00311355	1054	0	1054	1054	
12	13	3	2	1	5	100	105400	100	105400	0.0103733	0	0.0103733	0.0103733	1054	0	1054	1054	
12	13	3	2	1	6	100	105400	100	105400	0.00323083	0	0.00323083	0.00323083	1054	0	1054	1054	
13	14	1	1	1	4	100	105400	100	105400	0.00434986	0.000238683	0.00340986	0.00440986	1054	0	1054	1054	
13	14	1	1	1	5	100	105400	101	106454	0.0106337	0.00190049	0.00310895	0.0111089	1054	0	1054	1054	
13	14	1	1	1	6	100	105400	100	105400	0.00309003	0	0.00309003	0.00309003	1054	0	1054	1054	
13	14	3	2	1	4	100	105400	100	105400	0.00311355	0	0.00311355	0.00311355	1054	0	1054	1054	
13	14	3	2	1	5	100	105400	101	106454	0.00995745	0.00166293	0.0033733	0.0103733	1054	0	1054	1054	
13	14	3	2	1	6	100	105400	100	105400	0.00323083	0	0.00323083	0.00323083	1054	0	1054	1054	
14	15	1	1	1	4	100	105400	100	105400	0.00340986	0	0.00340986	0.00340986	1054	0	1054	1054	
14	15	1	1	1	5	100	105400	100	105400	0.00310895	0	0.00310895	0.00310895	1054	0	1054	1054	
14	15	1	1	1	6	100	105400	100	105400	0.00309003	0	0.00309003	0.00309003	1054	0	1054	1054	
14	15	3	2	1	4	100	105400	100	105400	0.00311355	0	0.00311355	0.00311355	1054	0	1054	1054	
14	15	3	2	1	5	100	105400	100	105400	0.0033733	0	0.0033733	0.0033733	1054	0	1054	1054	
14	15	3	2	1	6	100	105400	100	105400	0.00323083	0	0.00323083	0.00323083	1054	0	1054	1054	
15	16	1	1	1	4	100	105400	100	105400	0.00340986	0	0.00340986	0.00340986	1054	0	1054	1054	
15	16	1	1	1	5	100	105400	100	105400	0.00310895	0	0.00310895	0.00310895	1054	0	1054	1054	
15	16	1	1	1	6	100	105400	100	105400	0.00309003	0	0.00309003	0.00309003	1054	0	1054	1054	
15	16	3	2	1	4	100	105400	100	105400	0.00311355	0	0.00311355	0.00311355	1054	0	1054	1054	
15	16	3	2	1	5	100	105400	100	105400	0.0033733	0	0.0033733	0.0033733	1054	0	1054	1054	
15	16	3	2	1	6	100	105400	100	105400	0.00323083	0	0.00323083	0.00323083	1054	0	1054	1054	
16	17	1	1	1	4	100	105400	100	105400	0.00340986	0	0.00340986	0.00340986	1054	0	1054	1054	
16	17	1	1	1	5	100	105400	100	105400	0.00310895	0	0.00310895	0.00310895	1054	0	1054	1054	
16	17	1	1	1	6	100	105400	100	105400	0.00309003	0	0.00309003	0.00309003	1054	0	1054	1054	
16	17	3	2	1	4	100	105400	100	105400	0.00311355	0	0.00311355	0.00311355	1054	0	1054	1054	
16	17	3	2	1	5	100	105400	99	104346	0.00892885	0.0190178	0.0033733	0.103373	1054	0	1054	1054	
16	17	3	2	1	6	100	105400	100	105400	0.00323083	0	0.00323083	0.00323083	1054	0	1054	1054	
17	18	1	1	1	4	100	105400	100	105400	0.00340986	0	0.00340986	0.00340986	1054	0	1054	1054	
17	18	1	1	1	5	100	105400	100	105400	0.00310895	0	0.00310895	0.00310895	1054	0	1054	1054	
17	18	1	1	1	6	100	105400	100	105400	0.00309003	0	0.00309003	0.00309003	1054	0	1054	1054	
17	18	3	2	1	4	100	105400	100	105400	0.00311355	0	0.00311355	0.00311355	1054	0	1054	1054	
17	18	3	2	1	5	100	105400	100	105400	0.0033733	0	0.0033733	0.0033733	1054	0	1054	1054	
17	18	3	2	1	6	100	105400	100	105400	0.00323083	0	0.00323083	0.00323083	1054	0	1054	1054	
18	19	1	1	1	4	100	105400	100	105400	0.00340986	0	0.00340986	0.00340986	1054	0	1054	1054	
18	19	1	1	1	5	100	105400	100	105400	0.00317895	0.0007	0.00310895	0.0101089	1054	0	1054	1054	
18	19	1	1	1	6	100	105400	100	105400	0.00316003	0.0007	0.00309003	0.01009	1054	0	1054	1054	
18	19	2	2	1	4	99	104346	100	105400	0.00339354	0.00196979	0.00311355	0.0211127	1054	0	1054	1054	
18	19	2	2	1	5	99	104346	99	104346	0.00933287	0.0190016	0.0033733	0.103373	1054	0	1054	1054	
18	19	2	2	1	6	99	104346	100	105400	0.00351082	0.00196979	0.00323083	0.02123	1054	0	1054	1054	
19	20	1	1	1	4	100	105400	100	105400	0.00340986	0	0.00340986	0.00340986	1054	0	1054	1054	
19	20	1	1	1	5	100	105400	100	105400	0.00310895	0	0.00310895	0.00310895	1054	0	1054	1054	
19	20	1	1	1	6	100	105400	100	105400	0.00309003	0	0.00309003	0.00309003	1054	0	1054	1054	
19	20	2	2	1	4	100	105400	100	105400	0.00311355	0	0.00311355	0.00311355	1054	0	1054	1054	
19	20	2	2	1	5	100	105400	100	105400	0.0033733	0	0.0033733	0.0033733	1054	0	1054	1054	
19	20	2	2	1	6	100	105400	100	105400	0.00323083	0	0.00323083	0.00323083	1054	0	1054	1054	
20	21	1	1	1	4	100	105400	100	105400	0.00340986	0	0.00340986	0.00340986	1054	0	1054	1054	
20	21	1	1	1	5	100	105400	100	105400	0.00310895	0	0.00310895	0.00310895	1054	0	1054	1054	
20	21	1	1	1	6	100	105400	100	105400	0.00309003	0	0.00309003	0.00309003	1054	0	1054	1054	
20	21	2	2	1	4	100	105400	100	105400	0.00311355	0	0.00311355	0.00311355	1054	0	1054	1054	
20	21	2	2	1	5	100	105400	100	105400	0.0033733	0	0.0033733	0.0033733	1054	0	1054	1054	
20	21	2	2	1	6	100	105400	100	105400	0.00323083	0	0.00323083	0.00323083	1054	0	1054	1054	
21	22	1	1	1	4	100	105400	100	105400	0.00340986	0	0.00340986	0.00340986	1054	0	1054	1054	
21	22	1	1	1	5	100	105400	100	105400	0.00310895	0	0.00310895	0.00310895	1054	0	1054	1054	
21	22	1	1	1	6	100	105400	100	105400	0.00309003	0	0.00309003	0.00309003	1054	0	1054	1054	
21	22	2	2	1	4	100	105400	100	105400	0.00311355	0	0.00311355	0.00311355	1054	0	1054	1054	
21	22	2	2	1	5	100	105400	100	105400	0.0033733	0	0.0033733	0.0033733	1054	0	1054	1054	
21	22	2	2	1	6	100	105400	100	105400	0.00323083	0	0.00323083	0.00323083	1054	0	1054	1054	
22	23	1	1	1	4	100	105400	100	105400	0.00340986	0	0.00340986	0.00340986	1054	0	1054	1054	
22	23	1	1	1	5	100	105400	100	105400	0.00310895	0	0.00310895	0.00310895	1054	0	1054	1054	
22	23	1	1	1	6	100	105400	100	105400	0.00309003	0	0.00309003	0.00309003	1054	0	1054	1054	
22	23	2	2	1	4	100	105400	100	105400	0.00311355	0	0.00311355	0.00311355	1054	0	1054	1054	
22	23	2	2	1	5	100	105400	100	105400	0.0033733	0	0.0033733	0.0033733	1054	0	1054	1054	
22	23	2	2	1	6	100	105400	100	105400	0.00323083	0	0.00323083	0.00323083	1054	0	1054	1054	
23	24	1	1	1	4	100	105400	100	105400	0.00340986	0	0.00340986	0.00340986	1054	0	1054	1054	
23	24	1	1	1	5	100	105400	100	105400	0.00310895	0	0.00310895	0.00310895	1054	0	1054	1054	
23	24	1	1	1	6	100	105400	100	105400	0.00309003	0	0.00309003	0.00309003	1054	0	1054	1054	
23	24	2	2	1	4	100	105400	100	105400	0.00311355	0	0.00311355	0.00311355	1054	0	1054	1054	
23	24	2	2	1	5	100	105400	100	105400	0.0033733	0	0.0033733	0.0033733	1054	0	1054	1054	
23	24	2	2	1	6	100	105400	100	105400	0.00323083	0	0.00323083	0.00323083	1054	0	1054	1054	
24	25	1	1	1	4	100	105400	100	105400	0.00340986	0	0.00340986	0.00340986	1054	0	1054	1054	
24	25	1	1	1	5	100	105400	100	105400	0.00310895	0	0.00310895	0.00310895	1054	0	1054	1054	
24	25	1	1	1	6	100	105400	100	105400	0.00309003	0	0.00309003	0.00309003	1054	0	1054	1054	
24	25	2	2	1	4	100	105400	100	105400	0.00311355	0	0.00311355	0.00311355	1054	0	1054	1054	
24	25	2	2	1	5	100	105400	100	105400	0.0033733	0	0.0033733	0.0033733	1054	0	1054	1054	
24	25	2	2	1	6	100	105400	100	105400	0.00323083	0	0.00323083	0.00323083	1054	0	1054	1054	
25	26	1	1	1	4	100	105400	100	105400	0.00340986	0	0.00340986	0.00340986	1054	0	1054	1054	
25	26	1	1	1	5	100	105400	100	105400	0.00310895	0	0.00310895	0.00310895	1054	0	1054	1054	
25	26	1	1	1	6	100	105400	100	105400	0.00309003	0	0.00309003	0.00309003	1054	0	1054	1054	
25	26	2	2	1	4	100	105400	100	105400	0.00311355	0	0.00311355	0.00311355	1054	0	1054	1054	
25	26	2	2	1	5	100	105400	100	105400	0.0033733	0	0.0033733	0.0033733	1054	0	1054	1054	
25	26	2	2	1	6	100	105400	100	105400	0.00323083	0	0.00323083	0.00323083	1054	0	1054	1054	
26	27	1	1	1	4	100	105400	100	105400	0.00340986	0	0.00340986	0.00340986	1054	0	1054	1054	
26	27	1	1	1	5	100	105400	100	105400	0.00310895	0	0.00310895	0.00310895	1054	0	1054	1054	
26	27	1	1	1	6	100	105400	100	105400	0.00309003	0	0.00309003	0.00309003	1054	0	1054	1054	
26	27	2	2	1	4	100	105400	100	105400	0.00311355	0	0.00311355	0.00311355	1054	0	1054	1054	
26	27	2	2	1	5	100	105400	100	105400	0.0033733	0	0.0033733	0.0033733	1054	0	1054	1054	
26	27	2	2	1	6	100	105400	100	105400	0.00323083	0	0.00323083	0.00323083	1054	0	1054	1054	
27	28	1	1	1	4	100	105400	100	105400	0.00340986	0	0.00340986	0.00340986	1054	0	1054	1054	
27	28	1	1	1	5	100	105400	100	105400	0.00310895	0	0.00310895	0.00310895	1054	0	1054	1054	
27	28	1	1	1	6	100	105400	100	105400	0.00309003	0	0.00309003	0.00309003	1054	0	1054	1054	
27	28	2	2	1	4	100	105400	100	105400	0.00311355	0	0.00311355	0.00311355	1054	0	1054	1054	
27	28	2	2	1	5	100	105400	100	105400	0.0033733	0	0.0033733	0.0033733	1054	0	1054	1054	
27	28	2	2	1	6	100	105400	100	105400	0.00323083	0	0.00323083	0.00323083	1054	0	1054	1054	
28	29	1	1	1	4	100	105400	100	105400	0.00340986	0	0.00340986	0.00340986	1054	0	1054	1054	
28	29	1	1	1	5	100	105400	93	98022	0.00794766	0.0190316	0.00310895	0.103109	1054	0	1054	1054	
28	29	1	1	1	6	100	105400	100	105400	0.00309003	0	0.00309003	0.00309003	1054	0	1054	1054	
28	29	2	2	1	4	100	105400	100	105400	0.00311355	0	0.00311355	0.00311355	1054	0	1054	1054	
28	29	2	2	1	5	100	105400	100	105400	0.0033733	0	0.0033733	0.0033733	1054	0	1054	1054	
28	29	2	2	1	6	100	105400	100	105400	0.00323083	0	0.00323083	0.00323083	1054	0	1054	1054	
29	30	1	1	1	4	100	105400	99	104346	0.00896541	0.0190178	0.00340986	0.10341	1054	0	1054	1054	
29	30	1	1	1	5	100	105400	104	109616	0.0171474	0.0311439	0.00310895	0.133109	1054	0	1054	1054	
29	30	1	1	1	6	100	105400	100	105400	0.00309003	0	0.00309003	0.00309003	1054	0	1054	1054	
29	30	2	2	1	4	100	105400	93	98022	0.00795225	0.0190316	0.00311355	0.103114	1054	0	1054	1054	
29	30	2	2	1	5	100	105400	98	103292	0.0145978	0.0258172	0.0033733	0.103373	1054	0	1054	1054	
29	30	2	2	1	6	100	105400	93	98022	0.00806954	0.0190316	0.00323083	0.103231	1054	0	1054	1054	
30	31	4	1	1	4	100	105400	98	103292	0.00765475	0.00676873	0.00340986	0.0214099	1054	0	1054	1054	
30	31	4	1	1	5	99	104346	91	95914	0.0143617	0.0194283	0.00310895	0.103109	1054	0	1054	1054	
30	31	4	1	1	6	100	105400	98	103292	0.00954921	0.0190691	0.00309003	0.10309	1054	0	1054	1054	
30	31	5	2	1	4	99	104346	90	94860	0.0391691	0.0375746	0.00311355	0.133114	1054	0	1054	1054	
30	31	5	2	1	5	99	104346	87	91698	0.027017	0.0318123	0.0033733	0.117373	1054	0	1054	1054	
30	31	5	2	1	6	99	104346	90	94860	0.0392864	0.0375746	0.00323083	0.133231	1054	0	1054	1054	
31	32	4	1	1	4	100	105400	99	104346	0.016329	0.0253786	0.00340986	0.10341	1054	0	1054	1054	
31	32	4	1	1	5	100	105400	101	106454	0.00533667	0.00554235	0.00310895	0.0271089	1054	0	1054	1054	
31	32	4	1	1	6	100	105400	100	105400	0.00964003	0.0199334	0.00309003	0.10309	1054	0	1054	1054	
31	32	5	2	1	4	100	105400	100	105400	0.00508354	0.00502409	0.00311355	0.0231135	1054	0	1054	1054	
31	32	5	2	1	5	100	105400	104	109616	0.0123733	0.0194587	0.0033733	0.0773733	1054	0	1054	1054	
31	32	5	2	1	6	100	105400	100	105400	0.00520083	0.00502409	0.00323083	0.0232308	1054	0	1054	1054	
32	33	4	1	1	4	100	105400	99	104346	0.00896541	0.0190178	0.00340986	0.10341	1054	0	1054	1054	
32	33	4	1	1	5	100	105400	100	105400	0.00310895	0	0.00310895	0.00310895	1054	0	1054	1054	
32	33	4	1	1	6	100	105400	100	105400	0.00309003	0	0.00309003	0.00309003	1054	0	1054	1054	
32	33	5	2	1	4	100	105400	100	105400	0.00311355	0	0.00311355	0.00311355	1054	0	1054	1054	
32	33	5	2	1	5	100	105400	100	105400	0.0033733	0	0.0033733	0.0033733	1054	0	1054	1054	
32	33	5	2	1	6	100	105400	100	105400	0.00323083	0	0.00323083	0.00323083	1054	0	1054	1054	
33	34	4	1	1	4	100	105400	98	103292	0.0200425	0.0389275	0.00340986	0.16341	1054	0	1054	1054	
33	34	4	1	1	5	100	105400	99	104346	0.0086645	0.0190178	0.00310895	0.103109	1054	0	1054	1054	
33	34	4	1	1	6	100	105400	100	105400	0.00309003	0	0.00309003	0.00309003	1054	0	1054	1054	
33	34	5	2	1	4	100	105400	100	105400	0.00311355	0	0.00311355	0.00311355	1054	0	1054	1054	
33	34	5	2	1	5	100	105400	100	105400	0.0033733	0	0.0033733	0.0033733	1054	0	1054	1054	
33	34	5	2	1	6	100	105400	100	105400	0.00323083	0	0.00323083	0.00323083	1054	0	1054	1054	
34	35	4	1	1	4	100	105400	99	104346	0.00896541	0.0190178	0.00340986	0.10341	1054	0	1054	1054	
34	35	4	1	1	5	100	105400	100	105400	0.00310895	0	0.00310895	0.00310895	1054	0	1054	1054	
34	35	4	1	1	6	100	105400	99	104346	0.00864558	0.0190178	0.00309003	0.10309	1054	0	1054	1054	
34	35	5	2	1	4	100	105400	100	105400	0.00311355	0	0.00311355	0.00311355	1054	0	1054	1054	
34	35	5	2	1	5	100	105400	100	105400	0.0033733	0	0.0033733	0.0033733	1054	0	1054	1054	
34	35	5	2	1	6	100	105400	100	105400	0.00323083	0	0.00323083	0.00323083	1054	0	1054	1054	
35	36	4	1	1	4	100	105400	100	105400	0.00340986	0	0.00340986	0.00340986	1054	0	1054	1054	
35	36	4	1	1	5	100	105400	99	104346	0.0086645	0.0190178	0.00310895	0.103109	1054	0	1054	1054	
35	36	4	1	1	6	100	105400	100	105400	0.00309003	0	0.00309003	0.00309003	1054	0	1054	1054	
35	36	5	2	1	4	100	105400	100	105400	0.00311355	0	0.00311355	0.00311355	1054	0	1054	1054	
35	36	5	2	1	5	100	105400	100	105400	0.0033733	0	0.0033733	0.0033733	1054	0	1054	1054	
35	36	5	2	1	6	100	105400	100	105400	0.00323083	0	0.00323083	0.00323083	1054	0	1054	1054	
36	37	4	1	1	4	100	105400	95	100130	0.00340986	0	0.00340986	0.00340986	1054	0	1054	1054	
36	37	4	1	1	5	100	105400	98	103292	0.0143334	0.0258172	0.00310895	0.103109	1054	0	1054	1054	
36	37	4	1	1	6	100	105400	99	104346	0.00864558	0.0190178	0.00309003	0.10309	1054	0	1054	1054	
36	37	5	2	1	4	100	105400	100	105400	0.00311355	0	0.00311355	0.00311355	1054	0	1054	1054	
36	37	5	2	1	5	100	105400	100	105400	0.0033733	0	0.0033733	0.0033733	1054	0	1054	1054	
36	37	5	2	1	6	100	105400	100	105400	0.00323083	0	0.00323083	0.00323083	1054	0	1054	1054	
37	38	4	1	1	4	100	105400	104	109616	0.00869832	0.0185889	0.00340986	0.10341	1054	0	1054	1054	
37	38	4	1	1	5	100	105400	85	89590	0.0220501	0.0428181	0.00310895	0.173109	1054	0	1054	1054	
37	38	4	1	1	6	100	105400	99	104346	0.00864558	0.0190178	0.00309003	0.10309	1054	0	1054	1054	
37	38	5	2	1	4	100	105400	100	105400	0.00311355	0	0.00311355	0.00311355	1054	0	1054	1054	
37	38	5	2	1	5	100	105400	100	105400	0.0033733	0	0.0033733	0.0033733	1054	0	1054	1054	
37	38	5	2	1	6	100	105400	100	105400	0.00323083	0	0.00323083	0.00323083	1054	0	1054	1054	
38	39	5	1	2	4	100	105400	98	103292	0.0090221	0.0191072	0.00340986	0.10341	1054	0	1054	1054	
38	39	5	1	2	5	99	104346	99	104346	0.008715	0.0190096	0.00310895	0.103109	1054	0	1054	1054	
38	39	5	1	2	6	100	105400	100	105400	0.00309003	0	0.00309003	0.00309003	1054	0	1054	1054	
38	39	5	2	1	4	100	105400	100	105400	0.00312355	0.0001	0.00311355	0.00411355	1054	0	1054	1054	
38	39	5	2	1	5	100	105400	100	105400	0.0033733	0	0.0033733	0.0033733	1054	0	1054	1054	
38	39	5	2	1	6	100	105400	100	105400	0.00324083	0.0001	0.00323083	0.00423083	1054	0	1054	1054	
39	40	5	1	2	4	100	105400	99	104346	0.00896541	0.0190178	0.00340986	0.10341	1054	0	1054	1054	
39	40	5	1	2	5	100	105400	100	105400	0.00310895	0	0.00310895	0.00310895	1054	0	1054	1054	
39	40	5	1	2	6	100	105400	100	105400	0.00309003	0	0.00309003	0.00309003	1054	0	1054	1054	
39	40	5	2	1	4	100	105400	100	105400	0.00311355	0	0.00311355	0.00311355	1054	0	1054	1054	
39	40	5	2	1	5	100	105400	100	105400	0.0033733	0	0.0033733	0.0033733	1054	0	1054	1054	
39	40	5	2	1	6	100	105400	100	105400	0.00323083	0	0.00323083	0.00323083	1054	0	1054	1054	
40	41	5	1	2	4	100	105400	100	105400	0.00340986	0	0.00340986	0.00340986	1054	0	1054	1054	
40	41	5	1	2	5	100	105400	100	105400	0.00310895	0	0.00310895	0.00310895	1054	0	1054	1054	
40	41	5	1	2	6	100	105400	100	105400	0.00309003	0	0.00309003	0.00309003	1054	0	1054	1054	
40	41	5	2	1	4	100	105400	97	102238	0.00311355	0	0.00311355	0.00311355	1054	0	1054	1054	
40	41	5	2	1	5	100	105400	100	105400	0.0033733	0	0.0033733	0.0033733	1054	0	1054	1054	
40	41	5	2	1	6	100	105400	97	102238	0.00323083	0	0.00323083	0.00323083	1054	0	1054	1054	
41	42	5	1	2	4	100	105400	100	105400	0.00340986	0	0.00340986	0.00340986	1054	0	1054	1054	
41	42	5	1	2	5	100	105400	100	105400	0.00310895	0	0.00310895	0.00310895	1054	0	1054	1054	
41	42	5	1	2	6	100	105400	100	105400	0.00309003	0	0.00309003	0.00309003	1054	0	1054	1054	
41	42	5	2	1	4	100	105400	100	105400	0.00861355	0.0189297	0.00311355	0.103114	1054	0	1054	1054	
41	42	5	2	1	5	100	105400	100	105400	0.0033733	0	0.0033733	0.0033733	1054	0	1054	1054	
41	42	5	2	1	6	100	105400	100	105400	0.00873083	0.0189297	0.00323083	0.103231	1054	0	1054	1054	
42	43	5	1	2	4	100	105400	100	105400	0.00340986	0	0.00340986	0.00340986	1054	0	1054	1054	
42	43	5	1	2	5	100	105400	100	105400	0.00310895	0	0.00310895	0.00310895	1054	0	1054	1054	
42	43	5	1	2	6	100	105400	100	105400	0.00309003	0	0.00309003	0.00309003	1054	0	1054	1054	
42	43	5	2	1	4	100	105400	99	104346	0.0224065	0.034854	0.00311355	0.133114	1054	0	1054	1054	
42	43	5	2	1	5	100	105400	98	103292	0.0145978	0.0258172	0.0033733	0.103373	1054	0	1054	1054	
42	43	5	2	1	6	100	105400	99	104346	0.0225238	0.034854	0.00323083	0.133231	1054	0	1054	1054	
43	44	5	1	2	4	100	105400	100	105400	0.00438986	0.000778239	0.00340986	0.00540986	1054	0	1054	1054	
43	44	5	1	2	5	100	105400	100	105400	0.00997895	0.00680857	0.00310895	0.0181089	1054	0	1054	1054	
43	44	5	1	2	6	100	105400	98	103292	0.00774309	0.00634263	0.00309003	0.01709	1054	0	1054	1054	
43	44	4	2	2	4	99	104346	96	101184	0.0197281	0.0220966	0.00311355	0.113114	1054	0	1054	1054	
43	44	4	2	2	5	99	104346	94	99076	0.0460116	0.031309	0.0033733	0.144373	1054	0	1054	1054	
43	44	4	2	2	6	99	104346	96	101184	0.0201579	0.0217833	0.00323083	0.110231	1054	0	1054	1054	
44	45	5	1	2	4	100	105400	100	105400	0.00484986	0.000498888	0.00440986	0.00540986	1054	0	1054	1054	
44	45	5	1	2	5	100	105400	99	104346	0.0126645	0.00617966	0.00510895	0.0181089	1054	0	1054	1054	
44	45	5	1	2	6	100	105400	101	106454	0.00966429	0.00667135	0.00309003	0.01709	1054	0	1054	1054	
44	45	4	2	2	4	100	105400	100	105400	0.0273635	0.0225726	0.00311355	0.108114	1054	0	1054	1054	
44	45	4	2	2	5	100	105400	90	94860	0.0498733	0.0198343	0.0233733	0.123373	1054	0	1054	1054	
44	45	4	2	2	6	100	105400	100	105400	0.0269408	0.0230906	0.00323083	0.108231	1054	0	1054	1054	
45	46	5	1	2	4	100	105400	100	105400	0.00484986	0.000498888	0.00440986	0.00540986	1054	0	1054	1054	
45	46	5	1	2	5	100	105400	100	105400	0.0127189	0.00617243	0.00510895	0.0181089	1054	0	1054	1054	
45	46	5	1	2	6	100	105400	99	104346	0.00975669	0.00670059	0.00309003	0.01709	1054	0	1054	1054	
45	46	4	2	2	4	100	105400	98	103292	0.0198686	0.0110108	0.00411355	0.0331135	1054	0	1054	1054	
45	46	4	2	2	5	100	105400	103	108562	0.0516063	0.0211058	0.0233733	0.123373	1054	0	1054	1054	
45	46	4	2	2	6	100	105400	99	104346	0.0193621	0.0115949	0.00423083	0.0382308	1054	0	1054	1054	
46	47	5	1	2	4	100	105400	100	105400	0.00486986	0.000500908	0.00440986	0.00540986	1054	0	1054	1054	
46	47	5	1	2	5	100	105400	101	106454	0.0125446	0.00617967	0.00510895	0.0181089	1054	0	1054	1054	
46	47	5	1	2	6	100	105400	100	105400	0.00997003	0.00671088	0.00309003	0.01709	1054	0	1054	1054	
46	47	4	2	2	4	100	105400	97	102238	0.0327527	0.02669	0.00411355	0.113114	1054	0	1054	1054	
46	47	4	2	2	5	100	105400	100	105400	0.0443533	0.0140676	0.0233733	0.0643733	1054	0	1054	1054	
46	47	4	2	2	6	100	105400	95	100130	0.0310414	0.0256922	0.00423083	0.108231	1054	0	1054	1054	
47	48	5	1	2	4	100	105400	100	105400	0.00484986	0.000498888	0.00440986	0.00540986	1054	0	1054	1054	
47	48	5	1	2	5	100	105400	99	104346	0.0125635	0.00618635	0.00510895	0.0181089	1054	0	1054	1054	
47	48	5	1	2	6	100	105400	102	107508	0.00959983	0.00667008	0.00309003	0.01709	1054	0	1054	1054	
47	48	4	2	2	4	100	105400	92	96968	0.0249179	0.02028	0.00311355	0.0981135	1054	0	1054	1054	
47	48	4	2	2	5	100	105400	97	102238	0.043796	0.0146286	0.0173733	0.0643733	1054	0	1054	1054	
47	48	4	2	2	6	100	105400	92	96968	0.0243504	0.0206695	0.00323083	0.0982308	1054	0	1054	1054	
48	49	5	1	2	4	100	105400	99	104346	0.00613713	0.00376292	0.00440986	0.0214099	1054	0	1054	1054	
48	49	5	1	2	5	100	105400	96	101184	0.0134423	0.0060466	0.00510895	0.0211089	1054	0	1054	1054	
48	49	5	1	2	6	100	105400	98	103292	0.00996758	0.00654763	0.00309003	0.01909	1054	0	1054	1054	
48	49	4	2	2	4	100	105400	94	99076	0.0507944	0.0415706	0.00311355	0.168114	1054	0	1054	1054	
48	49	4	2	2	5	100	105400	94	99076	0.0557882	0.0293951	0.0233733	0.154373	1054	0	1054	1054	
48	49	4	2	2	6	100	105400	94	99076	0.0514755	0.042079	0.00323083	0.178231	1054	0	1054	1054	
49	50	5	1	2	4	100	105400	90	94860	0.0265432	0.027158	0.00540986	0.10341	1054	0	1054	1054	
49	50	5	1	2	5	100	105400	94	99076	0.0285451	0.0255661	0.00510895	0.104109	1054	0	1054	1054	
49	50	5	1	2	6	100	105400	102	107508	0.00921748	0.00613168	0.00309003	0.01909	1054	0	1054	1054	
49	50	4	2	2	4	100	105400	101	106454	0.0387274	0.0279206	0.00611355	0.108114	1054	0	1054	1054	
49	50	4	2	2	5	100	105400	92	96968	0.109189	0.0404448	0.0433733	0.243373	1054	0	1054	1054	
49	50	4	2	2	6	100	105400	101	106454	0.0389437	0.0281284	0.00623083	0.108231	1054	0	1054	1054	
50	51	8	1	1	4	100	105400	91	95914	0.0475857	0.0438653	0.00440986	0.16941	1054	0	1054	1054	
50	51	8	1	1	5	99	104346	90	94860	0.0505423	0.041811	0.00510895	0.184109	1054	0	1054	1054	
50	51	8	1	1	6	100	105400	83	87482	0.0132467	0.0228096	0.00309003	0.10309	1054	0	1054	1054	
50	51	7	2	1	4	99	104346	93	98022	0.0232533	0.030307	0.00311355	0.105114	1054	0	1054	1054	
50	51	7	2	1	5	99	104346	98	103292	0.0347814	0.0216975	0.0103733	0.117373	1054	0	1054	1054	
50	51	7	2	1	6	99	104346	93	98022	0.0235964	0.0303013	0.00323083	0.105231	1054	0	1054	1054	
51	52	8	1	1	4	100	105400	100	105400	0.00440986	0	0.00440986	0.00440986	1054	0	1054	1054	
51	52	8	1	1	5	100	105400	100	105400	0.0181089	0	0.0181089	0.0181089	1054	0	1054	1054	
51	52	8	1	1	6	100	105400	100	105400	0.00309003	0	0.00309003	0.00309003	1054	0	1054	1054	
51	52	7	2	1	4	100	105400	100	105400	0.00311355	0	0.00311355	0.00311355	1054	0	1054	1054	
51	52	7	2	1	5	100	105400	100	105400	0.0173733	0	0.0173733	0.0173733	1054	0	1054	1054	
51	52	7	2	1	6	100	105400	100	105400	0.00323083	0	0.00323083	0.00323083	1054	0	1054	1054	
52	53	8	1	1	4	100	105400	100	105400	0.00440986	0	0.00440986	0.00440986	1054	0	1054	1054	
52	53	8	1	1	5	100	105400	100	105400	0.0181089	0	0.0181089	0.0181089	1054	0	1054	1054	
52	53	8	1	1	6	100	105400	100	105400	0.00309003	0	0.00309003	0.00309003	1054	0	1054	1054	
52	53	7	2	1	4	100	105400	100	105400	0.00311355	0	0.00311355	0.00311355	1054	0	1054	1054	
52	53	7	2	1	5	100	105400	100	105400	0.0173733	0	0.0173733	0.0173733	1054	0	1054	1054	
52	53	7	2	1	6	100	105400	100	105400	0.00323083	0	0.00323083	0.00323083	1054	0	1054	1054	
53	54	8	1	1	4	100	105400	100	105400	0.00440986	0	0.00440986	0.00440986	1054	0	1054	1054	
53	54	8	1	1	5	100	105400	100	105400	0.0122289	0.00257917	0.0111089	0.0181089	1054	0	1054	1054	
53	54	8	1	1	6	100	105400	100	105400	0.00309003	0	0.00309003	0.00309003	1054	0	1054	1054	
53	54	7	2	1	4	100	105400	100	105400	0.00311355	0	0.00311355	0.00311355	1054	0	1054	1054	
53	54	7	2	1	5	100	105400	100	105400	0.0163933	0.00244115	0.0103733	0.0173733	1054	0	1054	1054	
53	54	7	2	1	6	100	105400	100	105400	0.00323083	0	0.00323083	0.00323083	1054	0	1054	1054	
54	55	8	1	1	4	100	105400	100	105400	0.00440986	0	0.00440986	0.00440986	1054	0	1054	1054	
54	55	8	1	1	5	100	105400	100	105400	0.0111089	0	0.0111089	0.0111089	1054	0	1054	1054	
54	55	8	1	1	6	100	105400	100	105400	0.00309003	0	0.00309003	0.00309003	1054	0	1054	1054	
54	55	7	2	1	4	100	105400	100	105400	0.00311355	0	0.00311355	0.00311355	1054	0	1054	1054	
54	55	7	2	1	5	100	105400	100	105400	0.0103733	0	0.0103733	0.0103733	1054	0	1054	1054	
54	55	7	2	1	6	100	105400	100	105400	0.00323083	0	0.00323083	0.00323083	1054	0	1054	1054	
55	56	8	1	1	4	100	105400	100	105400	0.00440986	0	0.00440986	0.00440986	1054	0	1054	1054	
55	56	8	1	1	5	100	105400	100	105400	0.0111089	0	0.0111089	0.0111089	1054	0	1054	1054	
55	56	8	1	1	6	100	105400	100	105400	0.00309003	0	0.00309003	0.00309003	1054	0	1054	1054	
55	56	7	2	1	4	100	105400	100	105400	0.00311355	0	0.00311355	0.00311355	1054	0	1054	1054	
55	56	7	2	1	5	100	105400	100	105400	0.0103733	0	0.0103733	0.0103733	1054	0	1054	1054	
55	56	7	2	1	6	100	105400	100	105400	0.00323083	0	0.00323083	0.00323083	1054	0	1054	1054	
56	57	8	1	1	4	100	105400	100	105400	0.00440986	0	0.00440986	0.00440986	1054	0	1054	1054	
56	57	8	1	1	5	100	105400	100	105400	0.0111089	0	0.0111089	0.0111089	1054	0	1054	1054	
56	57	8	1	1	6	100	105400	100	105400	0.00309003	0	0.00309003	0.00309003	1054	0	1054	1054	
56	57	7	2	1	4	100	105400	100	105400	0.00311355	0	0.00311355	0.00311355	1054	0	1054	1054	
56	57	7	2	1	5	100	105400	100	105400	0.0103733	0	0.0103733	0.0103733	1054	0	1054	1054	
56	57	7	2	1	6	100	105400	100	105400	0.00323083	0	0.00323083	0.00323083	1054	0	1054	1054	
57	58	8	1	1	4	100	105400	100	105400	0.00440986	0	0.00440986	0.00440986	1054	0	1054	1054	
57	58	8	1	1	5	100	105400	100	105400	0.0111089	0	0.0111089	0.0111089	1054	0	1054	1054	
57	58	8	1	1	6	100	105400	100	105400	0.00309003	0	0.00309003	0.00309003	1054	0	1054	1054	
57	58	7	2	1	4	100	105400	100	105400	0.00311355	0	0.00311355	0.00311355	1054	0	1054	1054	
57	58	7	2	1	5	100	105400	100	105400	0.0103733	0	0.0103733	0.0103733	1054	0	1054	1054	
57	58	7	2	1	6	100	105400	100	105400	0.00323083	0	0.00323083	0.00323083	1054	0	1054	1054	
58	59	8	1	1	4	100	105400	100	105400	0.00440986	0	0.00440986	0.00440986	1054	0	1054	1054	
58	59	8	1	1	5	100	105400	100	105400	0.0111089	0	0.0111089	0.0111089	1054	0	1054	1054	
58	59	8	1	1	6	100	105400	100	105400	0.00309003	0	0.00309003	0.00309003	1054	0	1054	1054	
58	59	7	2	1	4	100	105400	100	105400	0.00311355	0	0.00311355	0.00311355	1054	0	1054	1054	
58	59	7	2	1	5	100	105400	100	105400	0.0103733	0	0.0103733	0.0103733	1054	0	1054	1054	
58	59	7	2	1	6	100	105400	100	105400	0.00323083	0	0.00323083	0.00323083	1054	0	1054	1054	
59	60	8	1	1	4	100	105400	100	105400	0.00440986	0	0.00440986	0.00440986	1054	0	1054	1054	
59	60	8	1	1	5	100	105400	100	105400	0.0111089	0	0.0111089	0.0111089	1054	0	1054	1054	
59	60	8	1	1	6	100	105400	100	105400	0.00309003	0	0.00309003	0.00309003	1054	0	1054	1054	
59	60	7	2	1	4	100	105400	100	105400	0.00311355	0	0.00311355	0.00311355	1054	0	1054	1054	
59	60	7	2	1	5	100	105400	100	105400	0.0103733	0	0.0103733	0.0103733	1054	0	1054	1054	
59	60	7	2	1	6	100	105400	100	105400	0.00323083	0	0.00323083	0.00323083	1054	0	1054	1054	
60	61	8	1	1	4	100	105400	100	105400	0.00440986	0	0.00440986	0.00440986	1054	0	1054	1054	
60	61	8	1	1	5	100	105400	100	105400	0.0113189	0.00120013	0.0111089	0.0181089	1054	0	1054	1054	
60	61	8	1	1	6	100	105400	100	105400	0.00309003	0	0.00309003	0.00309003	1054	0	1054	1054	
60	61	7	2	1	4	100	105400	100	105400	0.00311355	0	0.00311355	0.00311355	1054	0	1054	1054	
60	61	7	2	1	5	100	105400	100	105400	0.0103733	0	0.0103733	0.0103733	1054	0	1054	1054	
60	61	7	2	1	6	100	105400	100	105400	0.00323083	0	0.00323083	0.00323083	1054	0	1054	1054	
61	62	8	1	1	4	100	105400	100	105400	0.00440986	0	0.00440986	0.00440986	1054	0	1054	1054	
61	62	8	1	1	5	100	105400	99	104346	0.0209978	0.0157246	0.0111089	0.103109	1054	0	1054	1054	
61	62	8	1	1	6	100	105400	100	105400	0.00309003	0	0.00309003	0.00309003	1054	0	1054	1054	
61	62	7	2	1	4	100	105400	100	105400	0.00311355	0	0.00311355	0.00311355	1054	0	1054	1054	
61	62	7	2	1	5	100	105400	100	105400	0.0103733	0	0.0103733	0.0103733	1054	0	1054	1054	
61	62	7	2	1	6	100	105400	100	105400	0.00323083	0	0.00323083	0.00323083	1054	0	1054	1054	
62	63	8	1	1	4	100	105400	85	89590	0.0171157	0.0269695	0.00440986	0.10341	1054	0	1054	1054	
62	63	8	1	1	5	100	105400	90	94860	0.0381089	0.0301121	0.0181089	0.123109	1054	0	1054	1054	
62	63	8	1	1	6	100	105400	100	105400	0.00309003	0	0.00309003	0.00309003	1054	0	1054	1054	
62	63	7	2	1	4	100	105400	100	105400	0.00311355	0	0.00311355	0.00311355	1054	0	1054	1054	
62	63	7	2	1	5	100	105400	100	105400	0.0103733	0	0.0103733	0.0103733	1054	0	1054	1054	
62	63	7	2	1	6	100	105400	100	105400	0.00323083	0	0.00323083	0.00323083	1054	0	1054	1054	
63	64	9	1	1	4	100	105400	109	114886	0.0250521	0.0432333	0.00440986	0.18441	1054	0	1054	1054	
63	64	9	1	1	5	99	104346	94	99076	0.0351621	0.0363307	0.00810807	0.163109	1054	0	1054	1054	
63	64	9	1	1	6	100	105400	100	105400	0.00309003	0	0.00309003	0.00309003	1054	0	1054	1054	
63	64	7	2	1	4	100	105400	100	105400	0.00318355	0.0007	0.00311355	0.0101135	1054	0	1054	1054	
63	64	7	2	1	5	100	105400	100	105400	0.0103733	0	0.0103733	0.0103733	1054	0	1054	1054	
63	64	7	2	1	6	100	105400	100	105400	0.00330083	0.0007	0.00323083	0.0102308	1054	0	1054	1054	
64	65	9	1	1	4	100	105400	100	105400	0.00440986	0	0.00440986	0.00440986	1054	0	1054	1054	
64	65	9	1	1	5	100	105400	100	105400	0.0113189	0.00120013	0.0111089	0.0181089	1054	0	1054	1054	
64	65	9	1	1	6	100	105400	100	105400	0.00309003	0	0.00309003	0.00309003	1054	0	1054	1054	
64	65	7	2	1	4	100	105400	100	105400	0.00311355	0	0.00311355	0.00311355	1054	0	1054	1054	
64	65	7	2	1	5	100	105400	100	105400	0.0103733	0	0.0103733	0.0103733	1054	0	1054	1054	
64	65	7	2	1	6	100	105400	100	105400	0.00323083	0	0.00323083	0.00323083	1054	0	1054	1054	
65	66	9	1	1	4	100	105400	100	105400	0.00440986	0	0.00440986	0.00440986	1054	0	1054	1054	
65	66	9	1	1	5	100	105400	100	105400	0.0111089	0	0.0111089	0.0111089	1054	0	1054	1054	
65	66	9	1	1	6	100	105400	100	105400	0.00309003	0	0.00309003	0.00309003	1054	0	1054	1054	
65	66	7	2	1	4	100	105400	100	105400	0.00311355	0	0.00311355	0.00311355	1054	0	1054	1054	
65	66	7	2	1	5	100	105400	100	105400	0.0103733	0	0.0103733	0.0103733	1054	0	1054	1054	
65	66	7	2	1	6	100	105400	100	105400	0.00323083	0	0.00323083	0.00323083	1054	0	1054	1054	
66	67	9	1	1	4	100	105400	100	105400	0.00440986	0	0.00440986	0.00440986	1054	0	1054	1054	
66	67	9	1	1	5	100	105400	100	105400	0.0111089	0	0.0111089	0.0111089	1054	0	1054	1054	
66	67	9	1	1	6	100	105400	100	105400	0.00309003	0	0.00309003	0.00309003	1054	0	1054	1054	
66	67	7	2	1	4	100	105400	100	105400	0.00311355	0	0.00311355	0.00311355	1054	0	1054	1054	
66	67	7	2	1	5	100	105400	100	105400	0.0103733	0	0.0103733	0.0103733	1054	0	1054	1054	
66	67	7	2	1	6	100	105400	100	105400	0.00323083	0	0.00323083	0.00323083	1054	0	1054	1054	
67	68	9	1	1	4	100	105400	100	105400	0.00440986	0	0.00440986	0.00440986	1054	0	1054	1054	
67	68	9	1	1	5	100	105400	100	105400	0.0111089	0	0.0111089	0.0111089	1054	0	1054	1054	
67	68	9	1	1	6	100	105400	100	105400	0.00309003	0	0.00309003	0.00309003	1054	0	1054	1054	
67	68	7	2	1	4	100	105400	100	105400	0.00311355	0	0.00311355	0.00311355	1054	0	1054	1054	
67	68	7	2	1	5	100	105400	100	105400	0.0103733	0	0.0103733	0.0103733	1054	0	1054	1054	
67	68	7	2	1	6	100	105400	100	105400	0.00323083	0	0.00323083	0.00323083	1054	0	1054	1054	
68	69	9	1	1	4	100	105400	100	105400	0.00440986	0	0.00440986	0.00440986	1054	0	1054	1054	
68	69	9	1	1	5	100	105400	100	105400	0.0111089	0	0.0111089	0.0111089	1054	0	1054	1054	
68	69	9	1	1	6	100	105400	100	105400	0.00309003	0	0.00309003	0.00309003	1054	0	1054	1054	
68	69	7	2	1	4	100	105400	100	105400	0.00311355	0	0.00311355	0.00311355	1054	0	1054	1054	
68	69	7	2	1	5	100	105400	100	105400	0.0103733	0	0.0103733	0.0103733	1054	0	1054	1054	
68	69	7	2	1	6	100	105400	100	105400	0.00323083	0	0.00323083	0.00323083	1054	0	1054	1054	
69	70	9	1	1	4	100	105400	100	105400	0.00440986	0	0.00440986	0.00440986	1054	0	1054	1054	
69	70	9	1	1	5	100	105400	100	105400	0.0111089	0	0.0111089	0.0111089	1054	0	1054	1054	
69	70	9	1	1	6	100	105400	100	105400	0.00309003	0	0.00309003	0.00309003	1054	0	1054	1054	
69	70	7	2	1	4	100	105400	100	105400	0.00311355	0	0.00311355	0.00311355	1054	0	1054	1054	
69	70	7	2	1	5	100	105400	100	105400	0.0103733	0	0.0103733	0.0103733	1054	0	1054	1054	
69	70	7	2	1	6	100	105400	100	105400	0.00323083	0	0.00323083	0.00323083	1054	0	1054	1054	
70	71	9	1	1	4	100	105400	100	105400	0.00440986	0	0.00440986	0.00440986	1054	0	1054	1054	
70	71	9	1	1	5	100	105400	100	105400	0.0111089	0	0.0111089	0.0111089	1054	0	1054	1054	
70	71	9	1	1	6	100	105400	100	105400	0.00309003	0	0.00309003	0.00309003	1054	0	1054	1054	
70	71	7	2	1	4	100	105400	100	105400	0.00311355	0	0.00311355	0.00311355	1054	0	1054	1054	
70	71	7	2	1	5	100	105400	100	105400	0.0122633	0.00312337	0.0103733	0.0173733	1054	0	1054	1054	
70	71	7	2	1	6	100	105400	100	105400	0.00323083	0	0.00323083	0.00323083	1054	0	1054	1054	
71	72	9	1	1	4	100	105400	100	105400	0.00440986	0	0.00440986	0.00440986	1054	0	1054	1054	
71	72	9	1	1	5	100	105400	100	105400	0.0121589	0.00251209	0.0111089	0.0181089	1054	0	1054	1054	
71	72	9	1	1	6	100	105400	100	105400	0.00309003	0	0.00309003	0.00309003	1054	0	1054	1054	
71	72	7	2	1	4	100	105400	100	105400	0.00311355	0	0.00311355	0.00311355	1054	0	1054	1054	
71	72	7	2	1	5	100	105400	100	105400	0.0170233	0.0015333	0.0103733	0.0173733	1054	0	1054	1054	
71	72	7	2	1	6	100	105400	100	105400	0.00323083	0	0.00323083	0.00323083	1054	0	1054	1054	
72	73	9	1	1	4	100	105400	100	105400	0.00440986	0	0.00440986	0.00440986	1054	0	1054	1054	
72	73	9	1	1	5	100	105400	100	105400	0.0171989	0.00236598	0.0111089	0.0181089	1054	0	1054	1054	
72	73	9	1	1	6	100	105400	100	105400	0.00309003	0	0.00309003	0.00309003	1054	0	1054	1054	
72	73	7	2	1	4	100	105400	100	105400	0.00311355	0	0.00311355	0.00311355	1054	0	1054	1054	
72	73	7	2	1	5	100	105400	100	105400	0.0173733	0	0.0173733	0.0173733	1054	0	1054	1054	
72	73	7	2	1	6	100	105400	100	105400	0.00323083	0	0.00323083	0.00323083	1054	0	1054	1054	
73	74	9	1	1	4	100	105400	100	105400	0.00440986	0	0.00440986	0.00440986	1054	0	1054	1054	
73	74	9	1	1	5	100	105400	100	105400	0.0181089	0	0.0181089	0.0181089	1054	0	1054	1054	
73	74	9	1	1	6	100	105400	100	105400	0.00309003	0	0.00309003	0.00309003	1054	0	1054	1054	
73	74	7	2	1	4	100	105400	100	105400	0.00311355	0	0.00311355	0.00311355	1054	0	1054	1054	
73	74	7	2	1	5	100	105400	99	104346	0.0229289	0.0190178	0.0173733	0.117373	1054	0	1054	1054	
73	74	7	2	1	6	100	105400	100	105400	0.00323083	0	0.00323083	0.00323083	1054	0	1054	1054	
74	75	9	1	1	4	100	105400	100	105400	0.00440986	0	0.00440986	0.00440986	1054	0	1054	1054	
74	75	9	1	1	5	100	105400	100	105400	0.0181089	0	0.0181089	0.0181089	1054	0	1054	1054	
74	75	9	1	1	6	100	105400	100	105400	0.00309003	0	0.00309003	0.00309003	1054	0	1054	1054	
74	75	7	2	1	4	100	105400	99	104346	0.0086691	0.0190178	0.00311355	0.103114	1054	0	1054	1054	
74	75	7	2	1	5	100	105400	100	105400	0.0173733	0	0.0173733	0.0173733	1054	0	1054	1054	
74	75	7	2	1	6	100	105400	99	104346	0.00878639	0.0190178	0.00323083	0.103231	1054	0	1054	1054	
75	76	9	1	1	4	100	105400	100	105400	0.00440986	0	0.00440986	0.00440986	1054	0	1054	1054	
75	76	9	1	1	5	100	105400	100	105400	0.0181089	0	0.0181089	0.0181089	1054	0	1054	1054	
75	76	9	1	1	6	100	105400	100	105400	0.00309003	0	0.00309003	0.00309003	1054	0	1054	1054	
75	76	7	2	1	4	100	105400	100	105400	0.00311355	0	0.00311355	0.00311355	1054	0	1054	1054	
75	76	7	2	1	5	100	105400	99	104346	0.0229289	0.0190178	0.0173733	0.117373	1054	0	1054	1054	
75	76	7	2	1	6	100	105400	100	105400	0.00323083	0	0.00323083	0.00323083	1054	0	1054	1054	
76	77	9	1	1	4	100	105400	100	105400	0.00440986	0	0.00440986	0.00440986	1054	0	1054	1054	
76	77	9	1	1	5	100	105400	100	105400	0.0181089	0	0.0181089	0.0181089	1054	0	1054	1054	
76	77	9	1	1	6	100	105400	100	105400	0.00309003	0	0.00309003	0.00309003	1054	0	1054	1054	
76	77	7	2	1	4	100	105400	100	105400	0.00311355	0	0.00311355	0.00311355	1054	0	1054	1054	
76	77	7	2	1	5	100	105400	99	104346	0.0229289	0.0190178	0.0173733	0.117373	1054	0	1054	1054	
76	77	7	2	1	6	100	105400	100	105400	0.00323083	0	0.00323083	0.00323083	1054	0	1054	1054	
77	78	9	1	1	4	100	105400	100	105400	0.00440986	0	0.00440986	0.00440986	1054	0	1054	1054	
77	78	9	1	1	5	100	105400	99	104346	0.0221999	0.0151752	0.0181089	0.103109	1054	0	1054	1054	
77	78	9	1	1	6	100	105400	100	105400	0.00309003	0	0.00309003	0.00309003	1054	0	1054	1054	
77	78	7	2	1	4	100	105400	100	105400	0.00311355	0	0.00311355	0.00311355	1054	0	1054	1054	
77	78	7	2	1	5	100	105400	93	98022	0.029126	0.0264171	0.0103733	0.117373	1054	0	1054	1054	
77	78	7	2	1	6	100	105400	100	105400	0.00323083	0	0.00323083	0.00323083	1054	0	1054	1054	
78	79	9	1	1	4	100	105400	100	105400	0.00440986	0	0.00440986	0.00440986	1054	0	1054	1054	
78	79	9	1	1	5	100	105400	98	103292	0.0263743	0.0207476	0.0181089	0.103109	1054	0	1054	1054	
78	79	9	1	1	6	100	105400	99	104346	0.00864558	0.0190178	0.00309003	0.10309	1054	0	1054	1054	
78	79	7	2	1	4	100	105400	99	104346	0.0086691	0.0190178	0.00311355	0.103114	1054	0	1054	1054	
78	79	7	2	1	5	100	105400	102	107508	0.0334811	0.0296988	0.0103733	0.117373	1054	0	1054	1054	
78	79	7	2	1	6	100	105400	99	104346	0.00878639	0.0190178	0.00323083	0.103231	1054	0	1054	1054	
79	80	9	1	1	4	100	105400	93	98022	0.0210873	0.036849	0.00440986	0.15341	1054	0	1054	1054	
79	80	9	1	1	5	100	105400	95	100130	0.0222984	0.0155079	0.0111089	0.103109	1054	0	1054	1054	
79	80	9	1	1	6	100	105400	100	105400	0.00309003	0	0.00309003	0.00309003	1054	0	1054	1054	
79	80	7	2	1	4	100	105400	100	105400	0.00311355	0	0.00311355	0.00311355	1054	0	1054	1054	
79	80	7	2	1	5	100	105400	92	96968	0.0233516	0.0196709	0.0173733	0.117373	1054	0	1054	1054	
79	80	7	2	1	6	100	105400	100	105400	0.00323083	0	0.00323083	0.00323083	1054	0	1054	1054	
80	81	9	1	1	4	100	105400	102	107508	0.0263608	0.0187598	0.0124099	0.10341	1054	0	1054	1054	
80	81	9	1	1	5	100	105400	103	108562	0.021973	0.0149299	0.0111089	0.103109	1054	0	1054	1054	
80	81	9	1	1	6	100	105400	99	104346	0.00864558	0.0190178	0.00309003	0.10309	1054	0	1054	1054	
80	81	7	2	1	4	100	105400	99	104346	0.0086691	0.0190178	0.00311355	0.103114	1054	0	1054	1054	
80	81	7	2	1	5	100	105400	99	104346	0.0485854	0.0388685	0.0173733	0.147373	1054	0	1054	1054	
80	81	7	2	1	6	100	105400	99	104346	0.00878639	0.0190178	0.00323083	0.103231	1054	0	1054	1054	
81	82	9	1	1	4	100	105400	99	104346	0.0225008	0.0128382	0.0124099	0.0944099	1054	0	1054	1054	
81	82	9	1	1	5	100	105400	100	105400	0.0179689	0.000984937	0.0111089	0.0181089	1054	0	1054	1054	
81	82	9	1	1	6	100	105400	100	105400	0.00309003	0	0.00309003	0.00309003	1054	0	1054	1054	
81	82	7	2	1	4	100	105400	100	105400	0.00311355	0	0.00311355	0.00311355	1054	0	1054	1054	
81	82	7	2	1	5	100	105400	97	102238	0.0686104	0.0547962	0.0173733	0.207373	1054	0	1054	1054	
81	82	7	2	1	6	100	105400	100	105400	0.00323083	0	0.00323083	0.00323083	1054	0	1054	1054	
82	83	9	1	1	4	100	105400	95	100130	0.0457888	0.0373358	0.0124099	0.16341	1054	0	1054	1054	
82	83	9	1	1	5	100	105400	96	101184	0.0348381	0.0271702	0.0111089	0.103109	1054	0	1054	1054	
82	83	9	1	1	6	100	105400	100	105400	0.00309003	0	0.00309003	0.00309003	1054	0	1054	1054	
82	83	7	2	1	4	100	105400	100	105400	0.00311355	0	0.00311355	0.00311355	1054	0	1054	1054	
82	83	7	2	1	5	100	105400	98	103292	0.0284549	0.025899	0.0103733	0.117373	1054	0	1054	1054	
82	83	7	2	1	6	100	105400	100	105400	0.00323083	0	0.00323083	0.00323083	1054	0	1054	1054	
83	84	9	1	1	4	100	105400	94	99076	0.0268779	0.0194769	0.0124099	0.10341	1054	0	1054	1054	
83	84	9	1	1	5	100	105400	95	100130	0.0222247	0.0155446	0.0111089	0.103109	1054	0	1054	1054	
83	84	9	1	1	6	100	105400	99	104346	0.00864558	0.0190178	0.00309003	0.10309	1054	0	1054	1054	
83	84	7	2	1	4	100	105400	97	102238	0.0237321	0.0370477	0.00311355	0.143114	1054	0	1054	1054	
83	84	7	2	1	5	100	105400	97	102238	0.0379919	0.0370477	0.0173733	0.157373	1054	0	1054	1054	
83	84	7	2	1	6	100	105400	97	102238	0.0238494	0.0370477	0.00323083	0.143231	1054	0	1054	1054	
84	85	9	1	1	4	100	105400	100	105400	0.0414799	0.0367597	0.0124099	0.16341	1054	0	1054	1054	
84	85	9	1	1	5	100	105400	100	105400	0.0405389	0.0371509	0.0111089	0.163109	1054	0	1054	1054	
84	85	9	1	1	6	100	105400	100	105400	0.00309003	0	0.00309003	0.00309003	1054	0	1054	1054	
84	85	7	2	1	4	100	105400	100	105400	0.00311355	0	0.00311355	0.00311355	1054	0	1054	1054	
84	85	7	2	1	5	100	105400	77	81158	0.109711	0.0553909	0.0173733	0.217373	1054	0	1054	1054	
84	85	7	2	1	6	100	105400	100	105400	0.00323083	0	0.00323083	0.00323083	1054	0	1054	1054	
85	86	9	1	1	4	100	105400	93	98022	0.0427109	0.0316419	0.0124099	0.13341	1054	0	1054	1054	
85	86	9	1	1	5	100	105400	94	99076	0.0381409	0.0313888	0.0111089	0.133109	1054	0	1054	1054	
85	86	9	1	1	6	100	105400	94	99076	0.00309003	0	0.00309003	0.00309003	1054	0	1054	1054	
85	86	7	2	1	4	100	105400	95	100130	0.032903	0.0356991	0.00311355	0.113114	1054	0	1054	1054	
85	86	7	2	1	5	100	105400	101	106454	0.0874723	0.0566656	0.0173733	0.217373	1054	0	1054	1054	
85	86	7	2	1	6	100	105400	95	100130	0.0330203	0.0356991	0.00323083	0.113231	1054	0	1054	1054	
86	87	9	1	1	4	100	105400	99	104346	0.0312684	0.024	0.0124099	0.10341	1054	0	1054	1054	
86	87	9	1	1	5	100	105400	99	104346	0.0302403	0.0243703	0.0111089	0.103109	1054	0	1054	1054	
86	87	9	1	1	6	100	105400	104	109616	0.013667	0.0251916	0.00309003	0.10309	1054	0	1054	1054	
86	87	7	2	1	4	100	105400	94	99076	0.0327944	0.0359645	0.00311355	0.113114	1054	0	1054	1054	
86	87	7	2	1	5	100	105400	93	98022	0.056298	0.0483525	0.0173733	0.187373	1054	0	1054	1054	
86	87	7	2	1	6	100	105400	94	99076	0.0329117	0.0359645	0.00323083	0.113231	1054	0	1054	1054	
87	88	9	1	1	4	100	105400	87	91698	0.096134	0.0510138	0.0194099	0.19341	1054	0	1054	1054	
87	88	9	1	1	5	100	105400	87	91698	0.0951089	0.0509553	0.0181089	0.193109	1054	0	1054	1054	
87	88	9	1	1	6	100	105400	100	105400	0.00309003	0	0.00309003	0.00309003	1054	0	1054	1054	
87	88	7	2	1	4	100	105400	87	91698	0.0284009	0.0338203	0.00311355	0.103114	1054	0	1054	1054	
87	88	7	2	1	5	100	105400	76	80104	0.106321	0.046534	0.0173733	0.207373	1054	0	1054	1054	
87	88	7	2	1	6	100	105400	87	91698	0.0285182	0.0338203	0.00323083	0.103231	1054	0	1054	1054	
88	89	9	1	1	4	100	105400	87	91698	0.09818	0.0537617	0.0124099	0.19341	1054	0	1054	1054	
88	89	9	1	1	5	100	105400	89	93806	0.0844123	0.0609878	0.0111089	0.193109	1054	0	1054	1054	
88	89	9	1	1	6	100	105400	99	104346	0.00864558	0.0190178	0.00309003	0.10309	1054	0	1054	1054	
88	89	7	2	1	4	100	105400	103	108562	0.0401038	0.0492659	0.00311355	0.173114	1054	0	1054	1054	
88	89	7	2	1	5	100	105400	98	103292	0.0789039	0.0478691	0.0173733	0.177373	1054	0	1054	1054	
88	89	7	2	1	6	100	105400	103	108562	0.0402211	0.0492659	0.00323083	0.173231	1054	0	1054	1054	
89	90	9	1	1	4	100	105400	86	90644	0.0577936	0.0486476	0.0124099	0.18341	1054	0	1054	1054	
89	90	9	1	1	5	100	105400	88	92752	0.0402339	0.0331218	0.0111089	0.133109	1054	0	1054	1054	
89	90	9	1	1	6	100	105400	98	103292	0.0143145	0.0258172	0.00309003	0.10309	1054	0	1054	1054	
89	90	7	2	1	4	100	105400	93	98022	0.0284899	0.0465683	0.00311355	0.183114	1054	0	1054	1054	
89	90	7	2	1	5	100	105400	85	89590	0.0650204	0.0477006	0.0173733	0.187373	1054	0	1054	1054	
89	90	7	2	1	6	100	105400	93	98022	0.0286072	0.0465683	0.00323083	0.183231	1054	0	1054	1054	
